4403490000
4403500000
4403510000
4403520000
4403530000
4403540000
4403550000
4403560000
4403570000
4403580000
4403590000
4403600000
4403610000
4403620000
4403630000
4403640000
4403650000
4403660000
4403670000
4403680000
4403690000
4403700000
4403710000
4403720000
4403730000
4403740000
4403750000
4403760000
4403770000
4403780000
4403790000
4403800000
4403810000
4403820000
4403830000
4403840000
4403850000
4403860000
4403870000
4403880000
4403890000
4403900000
4403910000
4403920000
4403930000
4403940000
4403950000
4403960000
4403970000
4403980000
4403990000
4404000000
4404010000
4404020000
4404030000
4404040000
4404050000
4404060000
4404070000
4404080000
4404090000
4404100000
4404110000
4404120000
4404130000
4404140000
4404150000
4404160000
4404170000
4404180000
4404190000
4404200000
4404210000
4404220000
4404230000
4404240000
4404250000
4404260000
4404270000
4404280000
4404290000
4404300000
4404310000
4404320000
4404330000
4404340000
4404350000
4404360000
4404370000
4404380000
4404390000
4404400000
4404410000
4404420000
4404430000
4404440000
4404450000
4404460000
4404470000
4404480000
4404490000
4404500000
4404510000
4404520000
4404530000
4404540000
4404550000
4404560000
4404570000
4404580000
4404590000
4404600000
4404610000
4404620000
4404630000
4404640000
4404650000
4404660000
4404670000
4404680000
4404690000
4404700000
4404710000
4404720000
4404730000
4404740000
4404750000
4404760000
4404770000
4404780000
4404790000
4404800000
4404810000
4404820000
4404830000
4404840000
4404850000
4404860000
4404870000
4404880000
4404890000
4404900000
4404910000
4404920000
4404930000
4404940000
4404950000
4404960000
4404970000
4404980000
4404990000
4405000000
4405010000
4405020000
4405030000
4405040000
4405050000
4405060000
4405070000
4405080000
4405090000
4405100000
4405110000
4405120000
4405130000
4405140000
4405150000
4405160000
4405170000
4405180000
4405190000
4405200000
4405210000
4405220000
4405230000
4405240000
4405250000
4405260000
4405270000
4405280000
4405290000
4405300000
4405310000
4405320000
4405330000
4405340000
4405350000
4405360000
4405370000
4405380000
4405390000
4405400000
4405410000
4405420000
4405430000
4405440000
4405450000
4405460000
4405470000
4405480000
4405490000
4405500000
4405510000
4405520000
4405530000
4405540000
4405550000
4405560000
4405570000
4405580000
4405590000
4405600000
4405610000
4405620000
4405630000
4405640000
4405650000
4405660000
4405670000
4405680000
4405690000
4405700000
4405710000
4405720000
4405730000
4405740000
4405750000
4405760000
4405770000
4405780000
4405790000
4405800000
4405810000
4405820000
4405830000
4405840000
4405850000
4405860000
4405870000
4405880000
4405890000
4405900000
4405910000
4405920000
4405930000
4405940000
4405950000
4405960000
4405970000
4405980000
4405990000
4406000000
4406010000
4406020000
4406030000
4406040000
4406050000
4406060000
4406070000
4406080000
4406090000
4406100000
4406110000
4406120000
4406130000
4406140000
4406150000
4406160000
4406170000
4406180000
4406190000
4406200000
4406210000
4406220000
4406230000
4406240000
4406250000
4406260000
4406270000
4406280000
4406290000
4406300000
4406310000
4406320000
4406330000
4406340000
4406350000
4406360000
4406370000
4406380000
4406390000
4406400000
4406410000
4406420000
4406430000
4406440000
4406450000
4406460000
4406470000
4406480000
4406490000
4406500000
4406510000
4406520000
4406530000
4406540000
4406550000
4406560000
4406570000
4406580000
4406590000
4406600000
4406610000
4406620000
4406630000
4406640000
4406650000
4406660000
4406670000
4406680000
4406690000
4406700000
4406710000
4406720000
4406730000
4406740000
4406750000
4406760000
4406770000
4406780000
4406790000
4406800000
4406810000
4406820000
4406830000
4406840000
4406850000
4406860000
4406870000
4406880000
4406890000
4406900000
4406910000
4406920000
4406930000
4406940000
4406950000
4406960000
4406970000
4406980000
4406990000
4407000000
4407010000
4407020000
4407030000
4407040000
4407050000
4407060000
4407070000
4407080000
4407090000
4407100000
4407110000
4407120000
4407130000
4407140000
4407150000
4407160000
4407170000
4407180000
4407190000
4407200000
4407210000
4407220000
4407230000
4407240000
4407250000
4407260000
4407270000
4407280000
4407290000
4407300000
4407310000
4407320000
4407330000
4407340000
4407350000
4407360000
4407370000
4407380000
4407390000
4407400000
4407410000
4407420000
4407430000
4407440000
4407450000
4407460000
4407470000
4407480000
4407490000
4407500000
4407510000
4407520000
4407530000
4407540000
4407550000
4407560000
4407570000
4407580000
4407590000
4407600000
4407610000
4407620000
4407630000
4407640000
4407650000
4407660000
4407670000
4407680000
4407690000
4407700000
4407710000
4407720000
4407730000
4407740000
4407750000
4407760000
4407770000
4407780000
4407790000
4407800000
4407810000
4407820000
4407830000
4407840000
4407850000
4407860000
4407870000
4407880000
4407890000
4407900000
4407910000
4407920000
4407930000
4407940000
4407950000
4407960000
4407970000
4407980000
4407990000
4408000000
4408010000
4408020000
4408030000
4408040000
4408050000
4408060000
4408070000
4408080000
4408090000
4408100000
4408110000
4408120000
4408130000
4408140000
4408150000
4408160000
4408170000
4408180000
4408190000
4408200000
4408210000
4408220000
4408230000
4408240000
4408250000
4408260000
4408270000
4408280000
4408290000
4408300000
4408310000
4408320000
4408330000
4408340000
4408350000
4408360000
4408370000
4408380000
4408390000
4408400000
4408410000
4408420000
4408430000
4408440000
4408450000
4408460000
4408470000
4408480000
4408490000
4408500000
4408510000
4408520000
4408530000
4408540000
4408550000
4408560000
4408570000
4408580000
4408590000
4408600000
4408610000
4408620000
4408630000
4408640000
4408650000
4408660000
4408670000
4408680000
4408690000
4408700000
4408710000
4408720000
4408730000
4408740000
4408750000
4408760000
4408770000
4408780000
4408790000
4408800000
4408810000
4408820000
4408830000
4408840000
4408850000
4408860000
4408870000
4408880000
4408890000
4408900000
4408910000
4408920000
4408930000
4408940000
4408950000
4408960000
4408970000
4408980000
4408990000
4409000000
4409010000
4409020000
4409030000
4409040000
4409050000
4409060000
4409070000
4409080000
4409090000
4409100000
4409110000
4409120000
4409130000
4409140000
4409150000
4409160000
4409170000
4409180000
4409190000
4409200000
4409210000
4409220000
4409230000
4409240000
4409250000
4409260000
4409270000
4409280000
4409290000
4409300000
4409310000
4409320000
4409330000
4409340000
4409350000
4409360000
4409370000
4409380000
4409390000
4409400000
4409410000
4409420000
4409430000
4409440000
4409450000
4409460000
4409470000
4409480000
4409490000
4409500000
4409510000
4409520000
4409530000
4409540000
4409550000
4409560000
4409570000
4409580000
4409590000
4409600000
4409610000
4409620000
4409630000
4409640000
4409650000
4409660000
4409670000
4409680000
4409690000
4409700000
4409710000
4409720000
4409730000
4409740000
4409750000
4409760000
4409770000
4409780000
4409790000
4409800000
4409810000
4409820000
4409830000
4409840000
4409850000
4409860000
4409870000
4409880000
4409890000
4409900000
4409910000
4409920000
4409930000
4409940000
4409950000
4409960000
4409970000
4409980000
4409990000
4410000000
4410010000
4410020000
4410030000
4410040000
4410050000
4410060000
4410070000
4410080000
4410090000
4410100000
4410110000
4410120000
4410130000
4410140000
4410150000
4410160000
4410170000
4410180000
4410190000
4410200000
4410210000
4410220000
4410230000
4410240000
4410250000
4410260000
4410270000
4410280000
4410290000
4410300000
4410310000
4410320000
4410330000
4410340000
4410350000
4410360000
4410370000
4410380000
4410390000
4410400000
4410410000
4410420000
4410430000
4410440000
4410450000
4410460000
4410470000
4410480000
4410490000
4410500000
4410510000
4410520000
4410530000
4410540000
4410550000
4410560000
4410570000
4410580000
4410590000
4410600000
4410610000
4410620000
4410630000
4410640000
4410650000
4410660000
4410670000
4410680000
4410690000
4410700000
4410710000
4410720000
4410730000
4410740000
4410750000
4410760000
4410770000
4410780000
4410790000
4410800000
4410810000
4410820000
4410830000
4410840000
4410850000
4410860000
4410870000
4410880000
4410890000
4410900000
4410910000
4410920000
4410930000
4410940000
4410950000
4410960000
4410970000
4410980000
4410990000
4411000000
4411010000
4411020000
4411030000
4411040000
4411050000
4411060000
4411070000
4411080000
4411090000
4411100000
4411110000
4411120000
4411130000
4411140000
4411150000
4411160000
4411170000
4411180000
4411190000
4411200000
4411210000
4411220000
4411230000
4411240000
4411250000
4411260000
4411270000
4411280000
4411290000
4411300000
4411310000
4411320000
4411330000
4411340000
4411350000
4411360000
4411370000
4411380000
4411390000
4411400000
4411410000
4411420000
4411430000
4411440000
4411450000
4411460000
4411470000
4411480000
4411490000
4411500000
4411510000
4411520000
4411530000
4411540000
4411550000
4411560000
4411570000
4411580000
4411590000
4411600000
4411610000
4411620000
4411630000
4411640000
4411650000
4411660000
4411670000
4411680000
4411690000
4411700000
4411710000
4411720000
4411730000
4411740000
4411750000
4411760000
4411770000
4411780000
4411790000
4411800000
4411810000
4411820000
4411830000
4411840000
4411850000
4411860000
4411870000
4411880000
4411890000
4411900000
4411910000
4411920000
4411930000
4411940000
4411950000
4411960000
4411970000
4411980000
4411990000
4412000000
4412010000
4412020000
4412030000
4412040000
4412050000
4412060000
4412070000
4412080000
4412090000
4412100000
4412110000
4412120000
4412130000
4412140000
4412150000
4412160000
4412170000
4412180000
4412190000
4412200000
4412210000
4412220000
4412230000
4412240000
4412250000
4412260000
4412270000
4412280000
4412290000
4412300000
4412310000
4412320000
4412330000
4412340000
4412350000
4412360000
4412370000
4412380000
4412390000
4412400000
4412410000
4412420000
4412430000
4412440000
4412450000
4412460000
4412470000
4412480000
4412490000
4412500000
4412510000
4412520000
4412530000
4412540000
4412550000
4412560000
4412570000
4412580000
4412590000
4412600000
4412610000
4412620000
4412630000
4412640000
4412650000
4412660000
4412670000
4412680000
4412690000
4412700000
4412710000
4412720000
4412730000
4412740000
4412750000
4412760000
4412770000
4412780000
4412790000
4412800000
4412810000
4412820000
4412830000
4412840000
4412850000
4412860000
4412870000
4412880000
4412890000
4412900000
4412910000
4412920000
4412930000
4412940000
4412950000
4412960000
4412970000
4412980000
4412990000
4413000000
4413010000
4413020000
4413030000
4413040000
4413050000
4413060000
4413070000
4413080000
4413090000
4413100000
4413110000
4413120000
4413130000
4413140000
4413150000
4413160000
4413170000
4413180000
4413190000
4413200000
4413210000
4413220000
4413230000
4413240000
4413250000
4413260000
4413270000
4413280000
4413290000
4413300000
4413310000
4413320000
4413330000
4413340000
4413350000
4413360000
4413370000
4413380000
4413390000
4413400000
4413410000
4413420000
4413430000
4413440000
4413450000
4413460000
4413470000
4413480000
4413490000
4413500000
4413510000
4413520000
4413530000
4413540000
4413550000
4413560000
4413570000
4413580000
4413590000
4413600000
4413610000
4413620000
4413630000
4413640000
4413650000
4413660000
4413670000
4413680000
4413690000
4413700000
4413710000
4413720000
4413730000
4413740000
4413750000
4413760000
4413770000
4413780000
4413790000
4413800000
4413810000
4413820000
4413830000
4413840000
4413850000
4413860000
4413870000
4413880000
4413890000
4413900000
4413910000
4413920000
4413930000
4413940000
4413950000
4413960000
4413970000
4413980000
4413990000
4414000000
4414010000
4414020000
4414030000
4414040000
4414050000
4414060000
4414070000
4414080000
4414090000
4414100000
4414110000
4414120000
4414130000
4414140000
4414150000
4414160000
4414170000
4414180000
4414190000
4414200000
4414210000
4414220000
4414230000
4414240000
4414250000
4414260000
4414270000
4414280000
4414290000
4414300000
4414310000
4414320000
4414330000
4414340000
4414350000
4414360000
4414370000
4414380000
4414390000
4414400000
4414410000
4414420000
4414430000
4414440000
4414450000
4414460000
4414470000
4414480000
4414490000
4414500000
4414510000
4414520000
4414530000
4414540000
4414550000
4414560000
4414570000
4414580000
4414590000
4414600000
4414610000
4414620000
4414630000
4414640000
4414650000
4414660000
4414670000
4414680000
4414690000
4414700000
4414710000
4414720000
4414730000
4414740000
4414750000
4414760000
4414770000
4414780000
4414790000
4414800000
4414810000
4414820000
4414830000
4414840000
4414850000
4414860000
4414870000
4414880000
4414890000
4414900000
4414910000
4414920000
4414930000
4414940000
4414950000
4414960000
4414970000
4414980000
4414990000
4415000000
4415010000
4415020000
4415030000
4415040000
4415050000
4415060000
4415070000
4415080000
4415090000
4415100000
4415110000
4415120000
4415130000
4415140000
4415150000
4415160000
4415170000
4415180000
4415190000
4415200000
4415210000
4415220000
4415230000
4415240000
4415250000
4415260000
4415270000
4415280000
4415290000
4415300000
4415310000
4415320000
4415330000
4415340000
4415350000
4415360000
4415370000
4415380000
4415390000
4415400000
4415410000
4415420000
4415430000
4415440000
4415450000
4415460000
4415470000
4415480000
4415490000
4415500000
4415510000
4415520000
4415530000
4415540000
4415550000
4415560000
4415570000
4415580000
4415590000
4415600000
4415610000
4415620000
4415630000
4415640000
4415650000
4415660000
4415670000
4415680000
4415690000
4415700000
4415710000
4415720000
4415730000
4415740000
4415750000
4415760000
4415770000
4415780000
4415790000
4415800000
4415810000
4415820000
4415830000
4415840000
4415850000
4415860000
4415870000
4415880000
4415890000
4415900000
4415910000
4415920000
4415930000
4415940000
4415950000
4415960000
4415970000
4415980000
4415990000
4416000000
4416010000
4416020000
4416030000
4416040000
4416050000
4416060000
4416070000
4416080000
4416090000
4416100000
4416110000
4416120000
4416130000
4416140000
4416150000
4416160000
4416170000
4416180000
4416190000
4416200000
4416210000
4416220000
4416230000
4416240000
4416250000
4416260000
4416270000
4416280000
4416290000
4416300000
4416310000
4416320000
4416330000
4416340000
4416350000
4416360000
4416370000
4416380000
4416390000
4416400000
4416410000
4416420000
4416430000
4416440000
4416450000
4416460000
4416470000
4416480000
4416490000
4416500000
4416510000
4416520000
4416530000
4416540000
4416550000
4416560000
4416570000
4416580000
4416590000
4416600000
4416610000
4416620000
4416630000
4416640000
4416650000
4416660000
4416670000
4416680000
4416690000
4416700000
4416710000
4416720000
4416730000
4416740000
4416750000
4416760000
4416770000
4416780000
4416790000
4416800000
4416810000
4416820000
4416830000
4416840000
4416850000
4416860000
4416870000
4416880000
4416890000
4416900000
4416910000
4416920000
4416930000
4416940000
4416950000
4416960000
4416970000
4416980000
4416990000
4417000000
4417010000
4417020000
4417030000
4417040000
4417050000
4417060000
4417070000
4417080000
4417090000
4417100000
4417110000
4417120000
4417130000
4417140000
4417150000
4417160000
4417170000
4417180000
4417190000
4417200000
4417210000
4417220000
4417230000
4417240000
4417250000
4417260000
4417270000
4417280000
4417290000
4417300000
4417310000
4417320000
4417330000
4417340000
4417350000
4417360000
4417370000
4417380000
4417390000
4417400000
4417410000
4417420000
4417430000
4417440000
4417450000
4417460000
4417470000
4417480000
4417490000
4417500000
4417510000
4417520000
4417530000
4417540000
4417550000
4417560000
4417570000
4417580000
4417590000
4417600000
4417610000
4417620000
4417630000
4417640000
4417650000
4417660000
4417670000
4417680000
4417690000
4417700000
4417710000
4417720000
4417730000
4417740000
4417750000
4417760000
4417770000
4417780000
4417790000
4417800000
4417810000
4417820000
4417830000
4417840000
4417850000
4417860000
4417870000
4417880000
4417890000
4417900000
4417910000
4417920000
4417930000
4417940000
4417950000
4417960000
4417970000
4417980000
4417990000
4418000000
4418010000
4418020000
4418030000
4418040000
4418050000
4418060000
4418070000
4418080000
4418090000
4418100000
4418110000
4418120000
4418130000
4418140000
4418150000
4418160000
4418170000
4418180000
4418190000
4418200000
4418210000
4418220000
4418230000
4418240000
4418250000
4418260000
4418270000
4418280000
4418290000
4418300000
4418310000
4418320000
4418330000
4418340000
4418350000
4418360000
4418370000
4418380000
4418390000
4418400000
4418410000
4418420000
4418430000
4418440000
4418450000
4418460000
4418470000
4418480000
4418490000
4418500000
4418510000
4418520000
4418530000
4418540000
4418550000
4418560000
4418570000
4418580000
4418590000
4418600000
4418610000
4418620000
4418630000
4418640000
4418650000
4418660000
4418670000
4418680000
4418690000
4418700000
4418710000
4418720000
4418730000
4418740000
4418750000
4418760000
4418770000
4418780000
4418790000
4418800000
4418810000
4418820000
4418830000
4418840000
4418850000
4418860000
4418870000
4418880000
4418890000
4418900000
4418910000
4418920000
4418930000
4418940000
4418950000
4418960000
4418970000
4418980000
4418990000
4419000000
4419010000
4419020000
4419030000
4419040000
4419050000
4419060000
4419070000
4419080000
4419090000
4419100000
4419110000
4419120000
4419130000
4419140000
4419150000
4419160000
4419170000
4419180000
4419190000
4419200000
4419210000
4419220000
4419230000
4419240000
4419250000
4419260000
4419270000
4419280000
4419290000
4419300000
4419310000
4419320000
4419330000
4419340000
4419350000
4419360000
4419370000
4419380000
4419390000
4419400000
4419410000
4419420000
4419430000
4419440000
4419450000
4419460000
4419470000
4419480000
4419490000
4419500000
4419510000
4419520000
4419530000
4419540000
4419550000
4419560000
4419570000
4419580000
4419590000
4419600000
4419610000
4419620000
4419630000
4419640000
4419650000
4419660000
4419670000
4419680000
4419690000
4419700000
4419710000
4419720000
4419730000
4419740000
4419750000
4419760000
4419770000
4419780000
4419790000
4419800000
4419810000
4419820000
4419830000
4419840000
4419850000
4419860000
4419870000
4419880000
4419890000
4419900000
4419910000
4419920000
4419930000
4419940000
4419950000
4419960000
4419970000
4419980000
4419990000
4420000000
4420010000
4420020000
4420030000
4420040000
4420050000
4420060000
4420070000
4420080000
4420090000
4420100000
4420110000
4420120000
4420130000
4420140000
4420150000
4420160000
4420170000
4420180000
4420190000
4420200000
4420210000
4420220000
4420230000
4420240000
4420250000
4420260000
4420270000
4420280000
4420290000
4420300000
4420310000
4420320000
4420330000
4420340000
4420350000
4420360000
4420370000
4420380000
4420390000
4420400000
4420410000
4420420000
4420430000
4420440000
4420450000
4420460000
4420470000
4420480000
4420490000
4420500000
4420510000
4420520000
4420530000
4420540000
4420550000
4420560000
4420570000
4420580000
4420590000
4420600000
4420610000
4420620000
4420630000
4420640000
4420650000
4420660000
4420670000
4420680000
4420690000
4420700000
4420710000
4420720000
4420730000
4420740000
4420750000
4420760000
4420770000
4420780000
4420790000
4420800000
4420810000
4420820000
4420830000
4420840000
4420850000
4420860000
4420870000
4420880000
4420890000
4420900000
4420910000
4420920000
4420930000
4420940000
4420950000
4420960000
4420970000
4420980000
4420990000
4421000000
4421010000
4421020000
4421030000
4421040000
4421050000
4421060000
4421070000
4421080000
4421090000
4421100000
4421110000
4421120000
4421130000
4421140000
4421150000
4421160000
4421170000
4421180000
4421190000
4421200000
4421210000
4421220000
4421230000
4421240000
4421250000
4421260000
4421270000
4421280000
4421290000
4421300000
4421310000
4421320000
4421330000
4421340000
4421350000
4421360000
4421370000
4421380000
4421390000
4421400000
4421410000
4421420000
4421430000
4421440000
4421450000
4421460000
4421470000
4421480000
4421490000
4421500000
4421510000
4421520000
4421530000
4421540000
4421550000
4421560000
4421570000
4421580000
4421590000
4421600000
4421610000
4421620000
4421630000
4421640000
4421650000
4421660000
4421670000
4421680000
4421690000
4421700000
4421710000
4421720000
4421730000
4421740000
4421750000
4421760000
4421770000
4421780000
4421790000
4421800000
4421810000
4421820000
4421830000
4421840000
4421850000
4421860000
4421870000
4421880000
4421890000
4421900000
4421910000
4421920000
4421930000
4421940000
4421950000
4421960000
4421970000
4421980000
4421990000
4422000000
4422010000
4422020000
4422030000
4422040000
4422050000
4422060000
4422070000
4422080000
4422090000
4422100000
4422110000
4422120000
4422130000
4422140000
4422150000
4422160000
4422170000
4422180000
4422190000
4422200000
4422210000
4422220000
4422230000
4422240000
4422250000
4422260000
4422270000
4422280000
4422290000
4422300000
4422310000
4422320000
4422330000
4422340000
4422350000
4422360000
4422370000
4422380000
4422390000
4422400000
4422410000
4422420000
4422430000
4422440000
4422450000
4422460000
4422470000
4422480000
4422490000
4422500000
4422510000
4422520000
4422530000
4422540000
4422550000
4422560000
4422570000
4422580000
4422590000
4422600000
4422610000
4422620000
4422630000
4422640000
4422650000
4422660000
4422670000
4422680000
4422690000
4422700000
4422710000
4422720000
4422730000
4422740000
4422750000
4422760000
4422770000
4422780000
4422790000
4422800000
4422810000
4422820000
4422830000
4422840000
4422850000
4422860000
4422870000
4422880000
4422890000
4422900000
4422910000
4422920000
4422930000
4422940000
4422950000
4422960000
4422970000
4422980000
4422990000
4423000000
4423010000
4423020000
4423030000
4423040000
4423050000
4423060000
4423070000
4423080000
4423090000
4423100000
4423110000
4423120000
4423130000
4423140000
4423150000
4423160000
4423170000
4423180000
4423190000
4423200000
4423210000
4423220000
4423230000
4423240000
4423250000
4423260000
4423270000
4423280000
4423290000
4423300000
4423310000
4423320000
4423330000
4423340000
4423350000
4423360000
4423370000
4423380000
4423390000
4423400000
4423410000
4423420000
4423430000
4423440000
4423450000
4423460000
4423470000
4423480000
4423490000
4423500000
4423510000
4423520000
4423530000
4423540000
4423550000
4423560000
4423570000
4423580000
4423590000
4423600000
4423610000
4423620000
4423630000
4423640000
4423650000
4423660000
4423670000
4423680000
4423690000
4423700000
4423710000
4423720000
4423730000
4423740000
4423750000
4423760000
4423770000
4423780000
4423790000
4423800000
4423810000
4423820000
4423830000
4423840000
4423850000
4423860000
4423870000
4423880000
4423890000
4423900000
4423910000
4423920000
4423930000
4423940000
4423950000
4423960000
4423970000
4423980000
4423990000
4424000000
4424010000
4424020000
4424030000
4424040000
4424050000
4424060000
4424070000
4424080000
4424090000
4424100000
4424110000
4424120000
4424130000
4424140000
4424150000
4424160000
4424170000
4424180000
4424190000
4424200000
4424210000
4424220000
4424230000
4424240000
4424250000
4424260000
4424270000
4424280000
4424290000
4424300000
4424310000
4424320000
4424330000
4424340000
4424350000
4424360000
4424370000
4424380000
4424390000
4424400000
4424410000
4424420000
4424430000
4424440000
4424450000
4424460000
4424470000
4424480000
4424490000
4424500000
4424510000
4424520000
4424530000
4424540000
4424550000
4424560000
4424570000
4424580000
4424590000
4424600000
4424610000
4424620000
4424630000
4424640000
4424650000
4424660000
4424670000
4424680000
4424690000
4424700000
4424710000
4424720000
4424730000
4424740000
4424750000
4424760000
4424770000
4424780000
4424790000
4424800000
4424810000
4424820000
4424830000
4424840000
4424850000
4424860000
4424870000
4424880000
4424890000
4424900000
4424910000
4424920000
4424930000
4424940000
4424950000
4424960000
4424970000
4424980000
4424990000
4425000000
4425010000
4425020000
4425030000
4425040000
4425050000
4425060000
4425070000
4425080000
4425090000
4425100000
4425110000
4425120000
4425130000
4425140000
4425150000
4425160000
4425170000
4425180000
4425190000
4425200000
4425210000
4425220000
4425230000
4425240000
4425250000
4425260000
4425270000
4425280000
4425290000
4425300000
4425310000
4425320000
4425330000
4425340000
4425350000
4425360000
4425370000
4425380000
4425390000
4425400000
4425410000
4425420000
4425430000
4425440000
4425450000
4425460000
4425470000
4425480000
4425490000
4425500000
4425510000
4425520000
4425530000
4425540000
4425550000
4425560000
4425570000
4425580000
4425590000
4425600000
4425610000
4425620000
4425630000
4425640000
4425650000
4425660000
4425670000
4425680000
4425690000
4425700000
4425710000
4425720000
4425730000
4425740000
4425750000
4425760000
4425770000
4425780000
4425790000
4425800000
4425810000
4425820000
4425830000
4425840000
4425850000
4425860000
4425870000
4425880000
4425890000
4425900000
4425910000
4425920000
4425930000
4425940000
4425950000
4425960000
4425970000
4425980000
4425990000
4426000000
4426010000
4426020000
4426030000
4426040000
4426050000
4426060000
4426070000
4426080000
4426090000
4426100000
4426110000
4426120000
4426130000
4426140000
4426150000
4426160000
4426170000
4426180000
4426190000
4426200000
4426210000
4426220000
4426230000
4426240000
4426250000
4426260000
4426270000
4426280000
4426290000
4426300000
4426310000
4426320000
4426330000
4426340000
4426350000
4426360000
4426370000
4426380000
4426390000
4426400000
4426410000
4426420000
4426430000
4426440000
4426450000
4426460000
4426470000
4426480000
4426490000
4426500000
4426510000
4426520000
4426530000
4426540000
4426550000
4426560000
4426570000
4426580000
4426590000
4426600000
4426610000
4426620000
4426630000
4426640000
4426650000
4426660000
4426670000
4426680000
4426690000
4426700000
4426710000
4426720000
4426730000
4426740000
4426750000
4426760000
4426770000
4426780000
4426790000
4426800000
4426810000
4426820000
4426830000
4426840000
4426850000
4426860000
4426870000
4426880000
4426890000
4426900000
4426910000
4426920000
4426930000
4426940000
4426950000
4426960000
4426970000
4426980000
4426990000
4427000000
4427010000
4427020000
4427030000
4427040000
4427050000
4427060000
4427070000
4427080000
4427090000
4427100000
4427110000
4427120000
4427130000
4427140000
4427150000
4427160000
4427170000
4427180000
4427190000
4427200000
4427210000
4427220000
4427230000
4427240000
4427250000
4427260000
4427270000
4427280000
4427290000
4427300000
4427310000
4427320000
4427330000
4427340000
4427350000
4427360000
4427370000
4427380000
4427390000
4427400000
4427410000
4427420000
4427430000
4427440000
4427450000
4427460000
4427470000
4427480000
4427490000
4427500000
4427510000
4427520000
4427530000
4427540000
4427550000
4427560000
4427570000
4427580000
4427590000
4427600000
4427610000
4427620000
4427630000
4427640000
4427650000
4427660000
4427670000
4427680000
4427690000
4427700000
4427710000
4427720000
4427730000
4427740000
4427750000
4427760000
4427770000
4427780000
4427790000
4427800000
4427810000
4427820000
4427830000
4427840000
4427850000
4427860000
4427870000
4427880000
4427890000
4427900000
4427910000
4427920000
4427930000
4427940000
4427950000
4427960000
4427970000
4427980000
4427990000
4428000000
4428010000
4428020000
4428030000
4428040000
4428050000
4428060000
4428070000
4428080000
4428090000
4428100000
4428110000
4428120000
4428130000
4428140000
4428150000
4428160000
4428170000
4428180000
4428190000
4428200000
4428210000
4428220000
4428230000
4428240000
4428250000
4428260000
4428270000
4428280000
4428290000
4428300000
4428310000
4428320000
4428330000
4428340000
4428350000
4428360000
4428370000
4428380000
4428390000
4428400000
4428410000
4428420000
4428430000
4428440000
4428450000
4428460000
4428470000
4428480000
4428490000
4428500000
4428510000
4428520000
4428530000
4428540000
4428550000
4428560000
4428570000
4428580000
4428590000
4428600000
4428610000
4428620000
4428630000
4428640000
4428650000
4428660000
4428670000
4428680000
4428690000
4428700000
4428710000
4428720000
4428730000
4428740000
4428750000
4428760000
4428770000
4428780000
4428790000
4428800000
4428810000
4428820000
4428830000
4428840000
4428850000
4428860000
4428870000
4428880000
4428890000
4428900000
4428910000
4428920000
4428930000
4428940000
4428950000
4428960000
4428970000
4428980000
4428990000
4429000000
4429010000
4429020000
4429030000
4429040000
4429050000
4429060000
4429070000
4429080000
4429090000
4429100000
4429110000
4429120000
4429130000
4429140000
4429150000
4429160000
4429170000
4429180000
4429190000
4429200000
4429210000
4429220000
4429230000
4429240000
4429250000
4429260000
4429270000
4429280000
4429290000
4429300000
4429310000
4429320000
4429330000
4429340000
4429350000
4429360000
4429370000
4429380000
4429390000
4429400000
4429410000
4429420000
4429430000
4429440000
4429450000
4429460000
4429470000
4429480000
4429490000
4429500000
4429510000
4429520000
4429530000
4429540000
4429550000
4429560000
4429570000
4429580000
4429590000
4429600000
4429610000
4429620000
4429630000
4429640000
4429650000
4429660000
4429670000
4429680000
4429690000
4429700000
4429710000
4429720000
4429730000
4429740000
4429750000
4429760000
4429770000
4429780000
4429790000
4429800000
4429810000
4429820000
4429830000
4429840000
4429850000
4429860000
4429870000
4429880000
4429890000
4429900000
4429910000
4429920000
4429930000
4429940000
4429950000
4429960000
4429970000
4429980000
4429990000
4430000000
4430010000
4430020000
4430030000
4430040000
4430050000
4430060000
4430070000
4430080000
4430090000
4430100000
4430110000
4430120000
4430130000
4430140000
4430150000
4430160000
4430170000
4430180000
4430190000
4430200000
4430210000
4430220000
4430230000
4430240000
4430250000
4430260000
4430270000
4430280000
4430290000
4430300000
4430310000
4430320000
4430330000
4430340000
4430350000
4430360000
4430370000
4430380000
4430390000
4430400000
4430410000
4430420000
4430430000
4430440000
4430450000
4430460000
4430470000
4430480000
4430490000
4430500000
4430510000
4430520000
4430530000
4430540000
4430550000
4430560000
4430570000
4430580000
4430590000
4430600000
4430610000
4430620000
4430630000
4430640000
4430650000
4430660000
4430670000
4430680000
4430690000
4430700000
4430710000
4430720000
4430730000
4430740000
4430750000
4430760000
4430770000
4430780000
4430790000
4430800000
4430810000
4430820000
4430830000
4430840000
4430850000
4430860000
4430870000
4430880000
4430890000
4430900000
4430910000
4430920000
4430930000
4430940000
4430950000
4430960000
4430970000
4430980000
4430990000
4431000000
4431010000
4431020000
4431030000
4431040000
4431050000
4431060000
4431070000
4431080000
4431090000
4431100000
4431110000
4431120000
4431130000
4431140000
4431150000
4431160000
4431170000
4431180000
4431190000
4431200000
4431210000
4431220000
4431230000
4431240000
4431250000
4431260000
4431270000
4431280000
4431290000
4431300000
4431310000
4431320000
4431330000
4431340000
4431350000
4431360000
4431370000
4431380000
4431390000
4431400000
4431410000
4431420000
4431430000
4431440000
4431450000
4431460000
4431470000
4431480000
4431490000
4431500000
4431510000
4431520000
4431530000
4431540000
4431550000
4431560000
4431570000
4431580000
4431590000
4431600000
4431610000
4431620000
4431630000
4431640000
4431650000
4431660000
4431670000
4431680000
4431690000
4431700000
4431710000
4431720000
4431730000
4431740000
4431750000
4431760000
4431770000
4431780000
4431790000
4431800000
4431810000
4431820000
4431830000
4431840000
4431850000
4431860000
4431870000
4431880000
4431890000
4431900000
4431910000
4431920000
4431930000
4431940000
4431950000
4431960000
4431970000
4431980000
4431990000
4432000000
4432010000
4432020000
4432030000
4432040000
4432050000
4432060000
4432070000
4432080000
4432090000
4432100000
4432110000
4432120000
4432130000
4432140000
4432150000
4432160000
4432170000
4432180000
4432190000
4432200000
4432210000
4432220000
4432230000
4432240000
4432250000
4432260000
4432270000
4432280000
4432290000
4432300000
4432310000
4432320000
4432330000
4432340000
4432350000
4432360000
4432370000
4432380000
4432390000
4432400000
4432410000
4432420000
4432430000
4432440000
4432450000
4432460000
4432470000
4432480000
4432490000
4432500000
4432510000
4432520000
4432530000
4432540000
4432550000
4432560000
4432570000
4432580000
4432590000
4432600000
4432610000
4432620000
4432630000
4432640000
4432650000
4432660000
4432670000
4432680000
4432690000
4432700000
4432710000
4432720000
4432730000
4432740000
4432750000
4432760000
4432770000
4432780000
4432790000
4432800000
4432810000
4432820000
4432830000
4432840000
4432850000
4432860000
4432870000
4432880000
4432890000
4432900000
4432910000
4432920000
4432930000
4432940000
4432950000
4432960000
4432970000
4432980000
4432990000
4433000000
4433010000
4433020000
4433030000
4433040000
4433050000
4433060000
4433070000
4433080000
4433090000
4433100000
4433110000
4433120000
4433130000
4433140000
4433150000
4433160000
4433170000
4433180000
4433190000
4433200000
4433210000
4433220000
4433230000
4433240000
4433250000
4433260000
4433270000
4433280000
4433290000
4433300000
4433310000
4433320000
4433330000
4433340000
4433350000
4433360000
4433370000
4433380000
4433390000
4433400000
4433410000
4433420000
4433430000
4433440000
4433450000
4433460000
4433470000
4433480000
4433490000
4433500000
4433510000
4433520000
4433530000
4433540000
4433550000
4433560000
4433570000
4433580000
4433590000
4433600000
4433610000
4433620000
4433630000
4433640000
4433650000
4433660000
4433670000
4433680000
4433690000
4433700000
4433710000
4433720000
4433730000
4433740000
4433750000
4433760000
4433770000
4433780000
4433790000
4433800000
4433810000
4433820000
4433830000
4433840000
4433850000
4433860000
4433870000
4433880000
4433890000
4433900000
4433910000
4433920000
4433930000
4433940000
4433950000
4433960000
4433970000
4433980000
4433990000
4434000000
4434010000
4434020000
4434030000
4434040000
4434050000
4434060000
4434070000
4434080000
4434090000
4434100000
4434110000
4434120000
4434130000
4434140000
4434150000
4434160000
4434170000
4434180000
4434190000
4434200000
4434210000
4434220000
4434230000
4434240000
4434250000
4434260000
4434270000
4434280000
4434290000
4434300000
4434310000
4434320000
4434330000
4434340000
4434350000
4434360000
4434370000
4434380000
4434390000
4434400000
4434410000
4434420000
4434430000
4434440000
4434450000
4434460000
4434470000
4434480000
4434490000
4434500000
4434510000
4434520000
4434530000
4434540000
4434550000
4434560000
4434570000
4434580000
4434590000
4434600000
4434610000
4434620000
4434630000
4434640000
4434650000
4434660000
4434670000
4434680000
4434690000
4434700000
4434710000
4434720000
4434730000
4434740000
4434750000
4434760000
4434770000
4434780000
4434790000
4434800000
4434810000
4434820000
4434830000
4434840000
4434850000
4434860000
4434870000
4434880000
4434890000
4434900000
4434910000
4434920000
4434930000
4434940000
4434950000
4434960000
4434970000
4434980000
4434990000
4435000000
4435010000
4435020000
4435030000
4435040000
4435050000
4435060000
4435070000
4435080000
4435090000
4435100000
4435110000
4435120000
4435130000
4435140000
4435150000
4435160000
4435170000
4435180000
4435190000
4435200000
4435210000
4435220000
4435230000
4435240000
4435250000
4435260000
4435270000
4435280000
4435290000
4435300000
4435310000
4435320000
4435330000
4435340000
4435350000
4435360000
4435370000
4435380000
4435390000
4435400000
4435410000
4435420000
4435430000
4435440000
4435450000
4435460000
4435470000
4435480000
4435490000
4435500000
4435510000
4435520000
4435530000
4435540000
4435550000
4435560000
4435570000
4435580000
4435590000
4435600000
4435610000
4435620000
4435630000
4435640000
4435650000
4435660000
4435670000
4435680000
4435690000
4435700000
4435710000
4435720000
4435730000
4435740000
4435750000
4435760000
4435770000
4435780000
4435790000
4435800000
4435810000
4435820000
4435830000
4435840000
4435850000
4435860000
4435870000
4435880000
4435890000
4435900000
4435910000
4435920000
4435930000
4435940000
4435950000
4435960000
4435970000
4435980000
4435990000
4436000000
4436010000
4436020000
4436030000
4436040000
4436050000
4436060000
4436070000
4436080000
4436090000
4436100000
4436110000
4436120000
4436130000
4436140000
4436150000
4436160000
4436170000
4436180000
4436190000
4436200000
4436210000
4436220000
4436230000
4436240000
4436250000
4436260000
4436270000
4436280000
4436290000
4436300000
4436310000
4436320000
4436330000
4436340000
4436350000
4436360000
4436370000
4436380000
4436390000
4436400000
4436410000
4436420000
4436430000
4436440000
4436450000
4436460000
4436470000
4436480000
4436490000
4436500000
4436510000
4436520000
4436530000
4436540000
4436550000
4436560000
4436570000
4436580000
4436590000
4436600000
4436610000
4436620000
4436630000
4436640000
4436650000
4436660000
4436670000
4436680000
4436690000
4436700000
4436710000
4436720000
4436730000
4436740000
4436750000
4436760000
4436770000
4436780000
4436790000
4436800000
4436810000
4436820000
4436830000
4436840000
4436850000
4436860000
4436870000
4436880000
4436890000
4436900000
4436910000
4436920000
4436930000
4436940000
4436950000
4436960000
4436970000
4436980000
4436990000
4437000000
4437010000
4437020000
4437030000
4437040000
4437050000
4437060000
4437070000
4437080000
4437090000
4437100000
4437110000
4437120000
4437130000
4437140000
4437150000
4437160000
4437170000
4437180000
4437190000
4437200000
4437210000
4437220000
4437230000
4437240000
4437250000
4437260000
4437270000
4437280000
4437290000
4437300000
4437310000
4437320000
4437330000
4437340000
4437350000
4437360000
4437370000
4437380000
4437390000
4437400000
4437410000
4437420000
4437430000
4437440000
4437450000
4437460000
4437470000
4437480000
4437490000
4437500000
4437510000
4437520000
4437530000
4437540000
4437550000
4437560000
4437570000
4437580000
4437590000
4437600000
4437610000
4437620000
4437630000
4437640000
4437650000
4437660000
4437670000
4437680000
4437690000
4437700000
4437710000
4437720000
4437730000
4437740000
4437750000
4437760000
4437770000
4437780000
4437790000
4437800000
4437810000
4437820000
4437830000
4437840000
4437850000
4437860000
4437870000
4437880000
4437890000
4437900000
4437910000
4437920000
4437930000
4437940000
4437950000
4437960000
4437970000
4437980000
4437990000
4438000000
4438010000
4438020000
4438030000
4438040000
4438050000
4438060000
4438070000
4438080000
4438090000
4438100000
4438110000
4438120000
4438130000
4438140000
4438150000
4438160000
4438170000
4438180000
4438190000
4438200000
4438210000
4438220000
4438230000
4438240000
4438250000
4438260000
4438270000
4438280000
4438290000
4438300000
4438310000
4438320000
4438330000
4438340000
4438350000
4438360000
4438370000
4438380000
4438390000
4438400000
4438410000
4438420000
4438430000
4438440000
4438450000
4438460000
4438470000
4438480000
4438490000
4438500000
4438510000
4438520000
4438530000
4438540000
4438550000
4438560000
4438570000
4438580000
4438590000
4438600000
4438610000
4438620000
4438630000
4438640000
4438650000
4438660000
4438670000
4438680000
4438690000
4438700000
4438710000
4438720000
4438730000
4438740000
4438750000
4438760000
4438770000
4438780000
4438790000
4438800000
4438810000
4438820000
4438830000
4438840000
4438850000
4438860000
4438870000
4438880000
4438890000
4438900000
4438910000
4438920000
4438930000
4438940000
4438950000
4438960000
4438970000
4438980000
4438990000
4439000000
4439010000
4439020000
4439030000
4439040000
4439050000
4439060000
4439070000
4439080000
4439090000
4439100000
4439110000
4439120000
4439130000
4439140000
4439150000
4439160000
4439170000
4439180000
4439190000
4439200000
4439210000
4439220000
4439230000
4439240000
4439250000
4439260000
4439270000
4439280000
4439290000
4439300000
4439310000
4439320000
4439330000
4439340000
4439350000
4439360000
4439370000
4439380000
4439390000
4439400000
4439410000
4439420000
4439430000
4439440000
4439450000
4439460000
4439470000
4439480000
4439490000
4439500000
4439510000
4439520000
4439530000
4439540000
4439550000
4439560000
4439570000
4439580000
4439590000
4439600000
4439610000
4439620000
4439630000
4439640000
4439650000
4439660000
4439670000
4439680000
4439690000
4439700000
4439710000
4439720000
4439730000
4439740000
4439750000
4439760000
4439770000
4439780000
4439790000
4439800000
4439810000
4439820000
4439830000
4439840000
4439850000
4439860000
4439870000
4439880000
4439890000
4439900000
4439910000
4439920000
4439930000
4439940000
4439950000
4439960000
4439970000
4439980000
4439990000
4440000000
4440010000
4440020000
4440030000
4440040000
4440050000
4440060000
4440070000
4440080000
4440090000
4440100000
4440110000
4440120000
4440130000
4440140000
4440150000
4440160000
4440170000
4440180000
4440190000
4440200000
4440210000
4440220000
4440230000
4440240000
4440250000
4440260000
4440270000
4440280000
4440290000
4440300000
4440310000
4440320000
4440330000
4440340000
4440350000
4440360000
4440370000
4440380000
4440390000
4440400000
4440410000
4440420000
4440430000
4440440000
4440450000
4440460000
4440470000
4440480000
4440490000
4440500000
4440510000
4440520000
4440530000
4440540000
4440550000
4440560000
4440570000
4440580000
4440590000
4440600000
4440610000
4440620000
4440630000
4440640000
4440650000
4440660000
4440670000
4440680000
4440690000
4440700000
4440710000
4440720000
4440730000
4440740000
4440750000
4440760000
4440770000
4440780000
4440790000
4440800000
4440810000
4440820000
4440830000
4440840000
4440850000
4440860000
4440870000
4440880000
4440890000
4440900000
4440910000
4440920000
4440930000
4440940000
4440950000
4440960000
4440970000
4440980000
4440990000
4441000000
4441010000
4441020000
4441030000
4441040000
4441050000
4441060000
4441070000
4441080000
4441090000
4441100000
4441110000
4441120000
4441130000
4441140000
4441150000
4441160000
4441170000
4441180000
4441190000
4441200000
4441210000
4441220000
4441230000
4441240000
4441250000
4441260000
4441270000
4441280000
4441290000
4441300000
4441310000
4441320000
4441330000
4441340000
4441350000
4441360000
4441370000
4441380000
4441390000
4441400000
4441410000
4441420000
4441430000
4441440000
4441450000
4441460000
4441470000
4441480000
4441490000
4441500000
4441510000
4441520000
4441530000
4441540000
4441550000
4441560000
4441570000
4441580000
4441590000
4441600000
4441610000
4441620000
4441630000
4441640000
4441650000
4441660000
4441670000
4441680000
4441690000
4441700000
4441710000
4441720000
4441730000
4441740000
4441750000
4441760000
4441770000
4441780000
4441790000
4441800000
4441810000
4441820000
4441830000
4441840000
4441850000
4441860000
4441870000
4441880000
4441890000
4441900000
4441910000
4441920000
4441930000
4441940000
4441950000
4441960000
4441970000
4441980000
4441990000
4442000000
4442010000
4442020000
4442030000
4442040000
4442050000
4442060000
4442070000
4442080000
4442090000
4442100000
4442110000
4442120000
4442130000
4442140000
4442150000
4442160000
4442170000
4442180000
4442190000
4442200000
4442210000
4442220000
4442230000
4442240000
4442250000
4442260000
4442270000
4442280000
4442290000
4442300000
4442310000
4442320000
4442330000
4442340000
4442350000
4442360000
4442370000
4442380000
4442390000
4442400000
4442410000
4442420000
4442430000
4442440000
4442450000
4442460000
4442470000
4442480000
4442490000
4442500000
4442510000
4442520000
4442530000
4442540000
4442550000
4442560000
4442570000
4442580000
4442590000
4442600000
4442610000
4442620000
4442630000
4442640000
4442650000
4442660000
4442670000
4442680000
4442690000
4442700000
4442710000
4442720000
4442730000
4442740000
4442750000
4442760000
4442770000
4442780000
4442790000
4442800000
4442810000
4442820000
4442830000
4442840000
4442850000
4442860000
4442870000
4442880000
4442890000
4442900000
4442910000
4442920000
4442930000
4442940000
4442950000
4442960000
4442970000
4442980000
4442990000
4443000000
4443010000
4443020000
4443030000
4443040000
4443050000
4443060000
4443070000
4443080000
4443090000
4443100000
4443110000
4443120000
4443130000
4443140000
4443150000
4443160000
4443170000
4443180000
4443190000
4443200000
4443210000
4443220000
4443230000
4443240000
4443250000
4443260000
4443270000
4443280000
4443290000
4443300000
4443310000
4443320000
4443330000
4443340000
4443350000
4443360000
4443370000
4443380000
4443390000
4443400000
4443410000
4443420000
4443430000
4443440000
4443450000
4443460000
4443470000
4443480000
4443490000
4443500000
4443510000
4443520000
4443530000
4443540000
4443550000
4443560000
4443570000
4443580000
4443590000
4443600000
4443610000
4443620000
4443630000
4443640000
4443650000
4443660000
4443670000
4443680000
4443690000
4443700000
4443710000
4443720000
4443730000
4443740000
4443750000
4443760000
4443770000
4443780000
4443790000
4443800000
4443810000
4443820000
4443830000
4443840000
4443850000
4443860000
4443870000
4443880000
4443890000
4443900000
4443910000
4443920000
4443930000
4443940000
4443950000
4443960000
4443970000
4443980000
4443990000
4444000000
4444010000
4444020000
4444030000
4444040000
4444050000
4444060000
4444070000
4444080000
4444090000
4444100000
4444110000
4444120000
4444130000
4444140000
4444150000
4444160000
4444170000
4444180000
4444190000
4444200000
4444210000
4444220000
4444230000
4444240000
4444250000
4444260000
4444270000
4444280000
4444290000
4444310000
4444320000
4444330000
4444340000
4444350000
4444360000
4444370000
4444380000
4444390000
4444400000
4444410000
4444420000
4444430000
4444440000
4444450000
4444460000
4444470000
4444480000
4444490000
4444500000
4444510000
4444520000
4444530000
4444540000
4444550000
4444560000
4444570000
4444580000
4444590000
4444600000
4444610000
4444620000
4444630000
4444640000
4444650000
4444660000
4444670000
4444680000
4444690000
4444700000
4444710000
4444720000
4444730000
4444740000
4444750000
4444760000
4444770000
4444780000
4444790000
4444800000
4444810000
4444820000
4444830000
4444840000
4444850000
4444860000
4444870000
4444880000
4444890000
4444900000
4444910000
4444920000
4444930000
4444940000
4444950000
4444960000
4444970000
4444980000
4444990000
4445000000
4445010000
4445020000
4445030000
4445040000
4445050000
4445060000
4445070000
4445080000
4445090000
4445100000
4445110000
4445120000
4445130000
4445140000
4445150000
4445160000
4445170000
4445180000
4445190000
4445200000
4445210000
4445220000
4445230000
4445240000
4445250000
4445260000
4445270000
4445280000
4445290000
4445300000
4445310000
4445320000
4445330000
4445340000
4445350000
4445360000
4445370000
4445380000
4445390000
4445400000
4445410000
4445420000
4445430000
4445440000
4445450000
4445460000
4445470000
4445480000
4445490000
4445500000
4445510000
4445520000
4445530000
4445540000
4445550000
4445560000
4445570000
4445580000
4445590000
4445600000
4445610000
4445620000
4445630000
4445640000
4445650000
4445660000
4445670000
4445680000
4445690000
4445700000
4445710000
4445720000
4445730000
4445740000
4445750000
4445760000
4445770000
4445780000
4445790000
4445800000
4445810000
4445820000
4445830000
4445840000
4445850000
4445860000
4445870000
4445880000
4445890000
4445900000
4445910000
4445920000
4445930000
4445940000
4445950000
4445960000
4445970000
4445980000
4445990000
4446000000
4446010000
4446020000
4446030000
4446040000
4446050000
4446060000
4446070000
4446080000
4446090000
4446100000
4446110000
4446120000
4446130000
4446140000
4446150000
4446160000
4446170000
4446180000
4446190000
4446200000
4446210000
4446220000
4446230000
4446240000
4446250000
4446260000
4446270000
4446280000
4446290000
4446300000
4446310000
4446320000
4446330000
4446340000
4446350000
4446360000
4446370000
4446380000
4446390000
4446400000
4446410000
4446420000
4446430000
4446440000
4446450000
4446460000
4446470000
4446480000
4446490000
4446500000
4446510000
4446520000
4446530000
4446540000
4446550000
4446560000
4446570000
4446580000
4446590000
4446600000
4446610000
4446620000
4446630000
4446640000
4446650000
4446660000
4446670000
4446680000
4446690000
4446700000
4446710000
4446720000
4446730000
4446740000
4446750000
4446760000
4446770000
4446780000
4446790000
4446800000
4446810000
4446820000
4446830000
4446840000
4446850000
4446860000
4446870000
4446880000
4446890000
4446900000
4446910000
4446920000
4446930000
4446940000
4446950000
4446960000
4446970000
4446980000
4446990000
4447000000
4447010000
4447020000
4447030000
4447040000
4447050000
4447060000
4447070000
4447080000
4447090000
4447100000
4447110000
4447120000
4447130000
4447140000
4447150000
4447160000
4447170000
4447180000
4447190000
4447200000
4447210000
4447220000
4447230000
4447240000
4447250000
4447260000
4447270000
4447280000
4447290000
4447300000
4447310000
4447320000
4447330000
4447340000
4447350000
4447360000
4447370000
4447380000
4447390000
4447400000
4447410000
4447420000
4447430000
4447440000
4447450000
4447460000
4447470000
4447480000
4447490000
4447500000
4447510000
4447520000
4447530000
4447540000
4447550000
4447560000
4447570000
4447580000
4447590000
4447600000
4447610000
4447620000
4447630000
4447640000
4447650000
4447660000
4447670000
4447680000
4447690000
4447700000
4447710000
4447720000
4447730000
4447740000
4447750000
4447760000
4447770000
4447780000
4447790000
4447800000
4447810000
4447820000
4447830000
4447840000
4447850000
4447860000
4447870000
4447880000
4447890000
4447900000
4447910000
4447920000
4447930000
4447940000
4447950000
4447960000
4447970000
4447980000
4447990000
4448000000
4448010000
4448020000
4448030000
4448040000
4448050000
4448060000
4448070000
4448080000
4448090000
4448100000
4448110000
4448120000
4448130000
4448140000
4448150000
4448160000
4448170000
4448180000
4448190000
4448200000
4448210000
4448220000
4448230000
4448240000
4448250000
4448260000
4448270000
4448280000
4448290000
4448300000
4448310000
4448320000
4448330000
4448340000
4448350000
4448360000
4448370000
4448380000
4448390000
4448400000
4448410000
4448420000
4448430000
4448440000
4448450000
4448460000
4448470000
4448480000
4448490000
4448500000
4448510000
4448520000
4448530000
4448540000
4448550000
4448560000
4448570000
4448580000
4448590000
4448600000
4448610000
4448620000
4448630000
4448640000
4448650000
4448660000
4448670000
4448680000
4448690000
4448700000
4448710000
4548510000
4548520000
4548530000
4548540000
4548550000
4548560000
4548570000
4548580000
4548590000
4548600000
4548610000
4548620000
4548630000
4548640000
4548650000
4548660000
4548670000
4548680000
4548690000
4548700000
4548710000
4548720000
4548730000
4548740000
4548750000
4548760000
4548770000
4548780000
4548790000
4548800000
4548810000
4548820000
4548830000
4548840000
4548850000
4548860000
4548870000
4548880000
4548890000
4548900000
4548910000
4548920000
4548930000
4548940000
4548950000
4548960000
4548970000
4548980000
4548990000
4549000000
4549010000
4549020000
4549030000
4549040000
4549050000
4549060000
4549070000
4549080000
4549090000
4549100000
4549110000
4549120000
4549130000
4549140000
4549150000
4549160000
4549170000
4549180000
4549190000
4549200000
4549210000
4549220000
4549230000
4549240000
4549250000
4549260000
4549270000
4549280000
4549290000
4549300000
4549310000
4549320000
4549330000
4549340000
4549350000
4549360000
4549370000
4549380000
4549390000
4549400000
4549410000
4549420000
4549430000
4549440000
4549450000
4549460000
4549470000
4549480000
4549490000
4549500000
4549510000
4549520000
4549530000
4549540000
4549550000
4549560000
4549570000
4549580000
4549590000
4549600000
4549610000
4549620000
4549630000
4549640000
4549650000
4549660000
4549670000
4549680000
4549690000
4549700000
4549710000
4549720000
4549730000
4549740000
4549750000
4549760000
4549770000
4549780000
4549790000
4549800000
4549810000
4549820000
4549830000
4549840000
4549850000
4549860000
4549870000
4549880000
4549890000
4549900000
4549910000
4549920000
4549930000
4549940000
4549950000
4549960000
4549970000
4549980000
4549990000
4550000000
4550010000
4550020000
4550030000
4550040000
4550050000
4550060000
4550070000
4550080000
4550090000
4550100000
4550110000
4550120000
4550130000
4550140000
4550150000
4550160000
4550170000
4550180000
4550190000
4550200000
4550210000
4550220000
4550230000
4550240000
4550250000
4550260000
4550270000
4550280000
4550290000
4550300000
4550310000
4550320000
4550330000
4550340000
4550350000
4550360000
4550370000
4550380000
4550390000
4550400000
4550410000
4550420000
4550430000
4550440000
4550450000
4550460000
4550470000
4550480000
4550490000
4550500000
4550510000
4550520000
4550530000
4550540000
4550550000
4550560000
4550570000
4550580000
4550590000
4550600000
4550610000
4550620000
4550630000
4550640000
4550650000
4550660000
4550670000
4550680000
4550690000
4550700000
4550710000
4550720000
4550730000
4550740000
4550750000
4550760000
4550770000
4550780000
4550790000
4550800000
4550810000
4550820000
4550830000
4550840000
4550850000
4550860000
4550870000
4550880000
4550890000
4550900000
4550910000
4550920000
4550930000
4550940000
4550950000
4550960000
4550970000
4550980000
4550990000
4551000000
4551010000
4551020000
4551030000
4551040000
4551050000
4551060000
4551070000
4551080000
4551090000
4551100000
4551110000
4551120000
4551130000
4551140000
4551150000
4551160000
4551170000
4551180000
4551190000
4551200000
4551210000
4551220000
4551230000
4551240000
4551250000
4551260000
4551270000
4551280000
4551290000
4551300000
4551310000
4551320000
4551330000
4551340000
4551350000
4551360000
4551370000
4551380000
4551390000
4551400000
4551410000
4551420000
4551430000
4551440000
4551450000
4551460000
4551470000
4551480000
4551490000
4551500000
4551510000
4551520000
4551530000
4551540000
4551550000
4551560000
4551570000
4551580000
4551590000
4551600000
4551610000
4551620000
4551630000
4551640000
4551650000
4551660000
4551670000
4551680000
4551690000
4551700000
4551710000
4551720000
4551730000
4551740000
4551750000
4551760000
4551770000
4551780000
4551790000
4551800000
4551810000
4551820000
4551830000
4551840000
4551850000
4551860000
4551870000
4551880000
4551890000
4551900000
4551910000
4551920000
4551930000
4551940000
4551950000
4551960000
4551970000
4551980000
4551990000
4552000000
4552010000
4552020000
4552030000
4552040000
4552050000
4552060000
4552070000
4552080000
4552090000
4552100000
4552110000
4552120000
4552130000
4552140000
4552150000
4552160000
4552170000
4552180000
4552190000
4552200000
4552210000
4552220000
4552230000
4552240000
4552250000
4552260000
4552270000
4552280000
4552290000
4552300000
4552310000
4552320000
4552330000
4552340000
4552350000
4552360000
4552370000
4552380000
4552390000
4552400000
4552410000
4552420000
4552430000
4552440000
4552450000
4552460000
4552470000
4552480000
4552490000
4552500000
4552510000
4552520000
4552530000
4552540000
4552550000
4552560000
4552570000
4552580000
4552590000
4552600000
4552610000
4552620000
4552630000
4552640000
4552650000
4552660000
4552670000
4552680000
4552690000
4552700000
4552710000
4552720000
4552730000
4552740000
4552750000
4552760000
4552770000
4552780000
4552790000
4552800000
4552810000
4552820000
4552830000
4552840000
4552850000
4552860000
4552870000
4552880000
4552890000
4552900000
4552910000
4552920000
4552930000
4552940000
4552950000
4552960000
4552970000
4552980000
4552990000
4553000000
4553010000
4553020000
4553030000
4553040000
4553050000
4553060000
4553070000
4553080000
4553090000
4553100000
4553110000
4553120000
4553130000
4553140000
4553150000
4553160000
4553170000
4553180000
4553190000
4553200000
4553210000
4553220000
4553230000
4553240000
4553250000
4553260000
4553270000
4553280000
4553290000
4553300000
4553310000
4553320000
4553330000
4553340000
4553350000
4553360000
4553370000
4553380000
4553390000
4553400000
4553410000
4553420000
4553430000
4553440000
4553450000
4553460000
4553470000
4553480000
4553490000
4553500000
4553510000
4553520000
4553530000
4553540000
4553550000
4553560000
4553570000
4553580000
4553590000
4553600000
4553610000
4553620000
4553630000
4553640000
4553650000
4553660000
4553670000
4553680000
4553690000
4553700000
4553710000
4553720000
4553730000
4553740000
4553750000
4553760000
4553770000
4553780000
4553790000
4553800000
4553810000
4553820000
4553830000
4553840000
4553850000
4553860000
4553870000
4553880000
4553890000
4553900000
4553910000
4553920000
4553930000
4553940000
4553950000
4553960000
4553970000
4553980000
4553990000
4554000000
4554010000
4554020000
4554030000
4554040000
4554050000
4554060000
4554070000
4554080000
4554090000
4554100000
4554110000
4554120000
4554130000
4554140000
4554150000
4554160000
4554170000
4554180000
4554190000
4554200000
4554210000
4554220000
4554230000
4554240000
4554250000
4554260000
4554270000
4554280000
4554290000
4554300000
4554310000
4554320000
4554330000
4554340000
4554350000
4554360000
4554370000
4554380000
4554390000
4554400000
4554410000
4554420000
4554430000
4554440000
4554450000
4554460000
4554470000
4554480000
4554490000
4554500000
4554510000
4554520000
4554530000
4554540000
4554550000
4554560000
4554570000
4554580000
4554590000
4554600000
4554610000
4554620000
4554630000
4554640000
4554650000
4554660000
4554670000
4554680000
4554690000
4554700000
4554710000
4554720000
4554730000
4554740000
4554750000
4554760000
4554770000
4554780000
4554790000
4554800000
4554810000
4554820000
4554830000
4554840000
4554850000
4554860000
4554870000
4554880000
4554890000
4554900000
4554910000
4554920000
4554930000
4554940000
4554950000
4554960000
4554970000
4554980000
4554990000
4555000000
4555010000
4555020000
4555030000
4555040000
4555050000
4555060000
4555070000
4555080000
4555090000
4555100000
4555110000
4555120000
4555130000
4555140000
4555150000
4555160000
4555170000
4555180000
4555190000
4555200000
4555210000
4555220000
4555230000
4555240000
4555250000
4555260000
4555270000
4555280000
4555290000
4555300000
4555310000
4555320000
4555330000
4555340000
4555350000
4555360000
4555370000
4555380000
4555390000
4555400000
4555410000
4555420000
4555430000
4555440000
4555450000
4555460000
4555470000
4555480000
4555490000
4555500000
4555510000
4555520000
4555530000
4555540000
4555550000
4555560000
4555570000
4555580000
4555590000
4555600000
4555610000
4555620000
4555630000
4555640000
4555650000
4555670000
4555680000
4555690000
4555700000
4555710000
4555720000
4555730000
