$RECYCLE.BIN
4379230000
4379240000
4379250000
4379260000
4379270000
4379280000
4379290000
4379300000
4379310000
4379320000
4379330000
4379340000
4379350000
4379360000
4379370000
4379380000
4379390000
4379400000
4379410000
4379420000
4379430000
4379440000
4379450000
4379460000
4379470000
4379480000
4379490000
4379500000
4379510000
4379520000
4379530000
4379540000
4379550000
4379560000
4379570000
4379580000
4379590000
4379600000
4379610000
4379620000
4379630000
4379640000
4379650000
4379660000
4379670000
4379680000
4379690000
4379700000
4379710000
4379720000
4379730000
4379740000
4379750000
4379760000
4379770000
4379780000
4379790000
4379800000
4379810000
4379820000
4379830000
4379840000
4379850000
4379860000
4379870000
4379880000
4379890000
4379900000
4379910000
4379920000
4379930000
4379940000
4379950000
4379960000
4379970000
4379980000
4379990000
4380000000
4380010000
4380020000
4380030000
4380040000
4380050000
4380060000
4380070000
4380080000
4380090000
4380100000
4380110000
4380120000
4380130000
4380140000
4380150000
4380160000
4380170000
4380180000
4380190000
4380200000
4380210000
4380220000
4380230000
4380240000
4380250000
4380260000
4380270000
4380280000
4380290000
4380300000
4380310000
4380320000
4380330000
4380340000
4380350000
4380360000
4380370000
4380380000
4380390000
4380400000
4380410000
4380420000
4380430000
4380440000
4380450000
4380460000
4380470000
4380480000
4380490000
4380500000
4380510000
4380520000
4380530000
4380540000
4380550000
4380560000
4380570000
4380580000
4380590000
4380600000
4380610000
4380620000
4380630000
4380640000
4380650000
4380660000
4380670000
4380680000
4380690000
4380700000
4380710000
4380720000
4380730000
4380740000
4380750000
4380760000
4380770000
4380780000
4380790000
4380800000
4380810000
4380820000
4380830000
4380840000
4380850000
4380860000
4380870000
4380880000
4380890000
4380900000
4380910000
4380920000
4380930000
4380940000
4380950000
4380960000
4380970000
4380980000
4380990000
4381000000
4381010000
4381020000
4381030000
4381040000
4381050000
4381060000
4381070000
4381080000
4381090000
4381100000
4381110000
4381120000
4381130000
4381140000
4381150000
4381160000
4381170000
4381180000
4381190000
4381200000
4381210000
4381220000
4381230000
4381240000
4381250000
4381260000
4381270000
4381280000
4381290000
4381300000
4381310000
4381320000
4381330000
4381340000
4381350000
4381360000
4381370000
4381380000
4381390000
4381400000
4381410000
4381420000
4381430000
4381440000
4381450000
4381460000
4381470000
4381480000
4381490000
4381500000
4381510000
4381520000
4381530000
4381540000
4381550000
4381560000
4381570000
4381580000
4381590000
4381600000
4381610000
4381620000
4381630000
4381640000
4381650000
4381660000
4381670000
4381680000
4381690000
4381700000
4381710000
4381720000
4381730000
4381740000
4381750000
4381760000
4381770000
4381780000
4381790000
4381800000
4381810000
4381820000
4381830000
4381840000
4381850000
4381860000
4381870000
4381880000
4381890000
4381900000
4381910000
4381920000
4381930000
4381940000
4381950000
4381960000
4381970000
4381980000
4381990000
4382000000
4382010000
4382020000
4382030000
4382040000
4382050000
4382060000
4382070000
4382080000
4382090000
4382100000
4382110000
4382120000
4382130000
4382140000
4382150000
4382160000
4382170000
4382180000
4382190000
4382200000
4382210000
4382220000
4382230000
4382240000
4382250000
4382260000
4382270000
4382280000
4382290000
4382300000
4382310000
4382320000
4382330000
4382340000
4382350000
4382360000
4382370000
4382380000
4382390000
4382400000
4382410000
4382420000
4382430000
4382440000
4382450000
4382460000
4382470000
4382480000
4382490000
4382500000
4382510000
4382520000
4382530000
4382540000
4382550000
4382560000
4382570000
4382580000
4382590000
4382600000
4382610000
4382620000
4382630000
4382640000
4382650000
4382660000
4382670000
4382680000
4382690000
4382700000
4382710000
4382720000
4382730000
4382740000
4382750000
4382760000
4382770000
4382780000
4382790000
4382800000
4382810000
4382820000
4382830000
4382840000
4382850000
4382860000
4382870000
4382880000
4382890000
4382900000
4382910000
4382920000
4382930000
4382940000
4382950000
4382960000
4382970000
4382980000
4382990000
4383000000
4383010000
4383020000
4383030000
4383040000
4383050000
4383060000
4383070000
4383080000
4383090000
4383100000
4383110000
4383120000
4383130000
4383140000
4383150000
4383160000
4383170000
4383180000
4383190000
4383200000
4383210000
4383220000
4383230000
4383240000
4383250000
4383260000
4383270000
4383280000
4383290000
4383300000
4383310000
4383320000
4383330000
4383340000
4383350000
4383360000
4383370000
4383380000
4383390000
4383400000
4383410000
4383420000
4383430000
4383440000
4383450000
4383460000
4383470000
4383480000
4383490000
4383500000
4383510000
4383520000
4383530000
4383540000
4383550000
4383560000
4383570000
4383580000
4383590000
4383600000
4383610000
4383620000
4383630000
4383640000
4383650000
4383660000
4383670000
4383680000
4383690000
4383700000
4383710000
4383720000
4383730000
4383740000
4383750000
4383760000
4383770000
4383780000
4383790000
4383800000
4383810000
4383820000
4383830000
4383840000
4383850000
4383860000
4383870000
4383880000
4383890000
4383900000
4383910000
4383920000
4383930000
4383940000
4383950000
4383960000
4383970000
4383980000
4383990000
4384000000
4384010000
4384020000
4384030000
4384040000
4384050000
4384060000
4384070000
4384080000
4384090000
4384100000
4384110000
4384120000
4384130000
4384140000
4384150000
4384160000
4384170000
4384180000
4384190000
4384200000
4384210000
4384220000
4384230000
4384240000
4384250000
4384260000
4384270000
4384280000
4384290000
4384300000
4384310000
4384320000
4384330000
4384340000
4384350000
4384360000
4384370000
4384380000
4384390000
4384400000
4384410000
4384420000
4384430000
4384440000
4384450000
4384460000
4384470000
4384480000
4384490000
4384500000
4384510000
4384520000
4384530000
4384540000
4384550000
4384560000
4384570000
4384580000
4384590000
4384600000
4384610000
4384620000
4384630000
4384640000
4384650000
4384660000
4384670000
4384680000
4384690000
4384700000
4384710000
4384720000
4384730000
4384740000
4384750000
4384760000
4384770000
4384780000
4384790000
4384800000
4384810000
4384820000
4384830000
4384840000
4384850000
4384860000
4384870000
4384880000
4384890000
4384900000
4384910000
4384920000
4384930000
4384940000
4384950000
4384960000
4384970000
4384980000
4384990000
4385000000
4385010000
4385020000
4385030000
4385040000
4385050000
4385060000
4385070000
4385080000
4385090000
4385100000
4385110000
4385120000
4385130000
4385140000
4385150000
4385160000
4385170000
4385180000
4385190000
4385200000
4385210000
4385220000
4385230000
4385240000
4385250000
4385260000
4385270000
4385280000
4385290000
4385300000
4385310000
4385320000
4385330000
4385340000
4385350000
4385360000
4385370000
4385380000
4385390000
4385400000
4385410000
4385420000
4385430000
4385440000
4385450000
4385460000
4385470000
4385480000
4385490000
4385500000
4385510000
4385520000
4385530000
4385540000
4385550000
4385560000
4385570000
4385580000
4385590000
4385600000
4385610000
4385620000
4385630000
4385640000
4385650000
4385660000
4385670000
4385680000
4385690000
4385700000
4385710000
4385720000
4385730000
4385740000
4385750000
4385760000
4385770000
4385780000
4385790000
4385800000
4385810000
4385820000
4385830000
4385840000
4385850000
4385860000
4385870000
4385880000
4385890000
4385900000
4385910000
4385920000
4385930000
4385940000
4385950000
4385960000
4385970000
4385980000
4385990000
4386000000
4386010000
4386020000
4386030000
4386040000
4386050000
4386060000
4386070000
4386080000
4386090000
4386100000
4386110000
4386120000
4386130000
4386140000
4386150000
4386160000
4386170000
4386180000
4386190000
4386200000
4386210000
4386220000
4386230000
4386240000
4386250000
4386260000
4386270000
4386280000
4386290000
4386300000
4386310000
4386320000
4386330000
4386340000
4386350000
4386360000
4386370000
4386380000
4386390000
4386400000
4386410000
4386420000
4386430000
4386440000
4386450000
4386460000
4386470000
4386480000
4386490000
4386500000
4386510000
4386520000
4386530000
4386540000
4386550000
4386560000
4386570000
4386580000
4386590000
4386600000
4386610000
4386620000
4386630000
4386640000
4386650000
4386660000
4386670000
4386680000
4386690000
4386700000
4386710000
4386720000
4386730000
4386740000
4386750000
4386760000
4386770000
4386780000
4386790000
4386800000
4386810000
4386820000
4386830000
4386840000
4386850000
4386860000
4386870000
4386880000
4386890000
4386900000
4386910000
4386920000
4386930000
4386940000
4386950000
4386960000
4386970000
4386980000
4386990000
4387000000
4387010000
4387020000
4387030000
4387040000
4387050000
4387060000
4387070000
4387080000
4387090000
4387100000
4387110000
4387120000
4387130000
4387140000
4387150000
4387160000
4387170000
4387180000
4387190000
4387200000
4387210000
4387220000
4387230000
4387240000
4387250000
4387260000
4387270000
4387280000
4387290000
4387300000
4387310000
4387320000
4387330000
4387340000
4387350000
4387360000
4387370000
4387380000
4387390000
4387400000
4387410000
4387420000
4387430000
4387440000
4387450000
4387460000
4387470000
4387480000
4387490000
4387500000
4387510000
4387520000
4387530000
4387540000
4387550000
4387560000
4387570000
4387580000
4387590000
4387600000
4387610000
4387620000
4387630000
4387640000
4387650000
4387660000
4387670000
4387680000
4387690000
4387700000
4387710000
4387720000
4387730000
4387740000
4387750000
4387760000
4387770000
4387780000
4387790000
4387800000
4387810000
4387820000
4387830000
4387840000
4387850000
4387860000
4387870000
4387880000
4387890000
4387900000
4387910000
4387920000
4387930000
4387940000
4387950000
4387960000
4387970000
4387980000
4387990000
4388000000
4388010000
4388020000
4388030000
4388040000
4388050000
4388060000
4388070000
4388080000
4388090000
4388100000
4388110000
4388120000
4388130000
4388140000
4388150000
4388160000
4388170000
4388180000
4388190000
4388200000
4388210000
4388220000
4388230000
4388240000
4388250000
4388260000
4388270000
4388280000
4388290000
4388300000
4388310000
4388320000
4388330000
4388340000
4388350000
4388360000
4388370000
4388380000
4388390000
4388400000
4388410000
4388420000
4388430000
4388440000
4388450000
4388460000
4388470000
4388480000
4388490000
4388500000
4388510000
4388520000
4388530000
4388540000
4388550000
4388560000
4388570000
4388580000
4388590000
4388600000
4388610000
4388620000
4388630000
4388640000
4388650000
4388660000
4388670000
4388680000
4388690000
4388700000
4388710000
4388720000
4388730000
4388740000
4388750000
4388760000
4388770000
4388780000
4388790000
4388800000
4388810000
4388820000
4388830000
4388840000
4388850000
4388860000
4388870000
4388880000
4388890000
4388900000
4388910000
4388920000
4388930000
4388940000
4388950000
4388960000
4388970000
4388980000
4388990000
4389000000
4389010000
4389020000
4389030000
4389040000
4389050000
4389060000
4389070000
4389080000
4389090000
4389100000
4389110000
4389120000
4389130000
4389140000
4389150000
4389160000
4389170000
4389180000
4389190000
4389200000
4389210000
4389220000
4389230000
4389240000
4389250000
4389260000
4389270000
4389280000
4389290000
4389300000
4389310000
4389320000
4389330000
4389340000
4389350000
4389360000
4389370000
4389380000
4389390000
4389400000
4389410000
4389420000
4389430000
4389440000
4389450000
4389460000
4389470000
4389480000
4389490000
4389500000
4389510000
4389520000
4389530000
4389540000
4389550000
4389560000
4389570000
4389580000
4389590000
4389600000
4389610000
4389620000
4389630000
4389640000
4389650000
4389660000
4389670000
4389680000
4389690000
4389700000
4389710000
4389720000
4389730000
4389740000
4389750000
4389760000
4389770000
4389780000
4389790000
4389800000
4389810000
4389820000
4389830000
4389840000
4389850000
4389860000
4389870000
4389880000
4389890000
4389900000
4389910000
4389920000
4389930000
4389940000
4389950000
4389960000
4389970000
4389980000
4389990000
4390000000
4390010000
4390020000
4390030000
4390040000
4390050000
4390060000
4390070000
4390080000
4390090000
4390100000
4390110000
4390120000
4390130000
4390140000
4390150000
4390160000
4390170000
4390180000
4390190000
4390200000
4390210000
4390220000
4390230000
4390240000
4390250000
4390260000
4390270000
4390280000
4390290000
4390300000
4390310000
4390320000
4390330000
4390340000
4390350000
4390360000
4390370000
4390380000
4390390000
4390400000
4390410000
4390420000
4390430000
4390460000
4390470000
4390480000
4390490000
4390500000
4390510000
4390520000
4390530000
4390540000
4390550000
4390560000
4390570000
4390580000
4390590000
4390600000
4390610000
4390620000
4390630000
4390640000
4390650000
4390660000
4390670000
4390680000
4390690000
4390700000
4390710000
4390720000
4390730000
4390740000
4390750000
4390760000
4390770000
4390780000
4390790000
4390800000
4390810000
4390820000
4390830000
4390840000
4390850000
4390860000
4390870000
4390880000
4390890000
4390900000
4390910000
4390920000
4390930000
4390940000
4390950000
4390960000
4390970000
4390980000
4390990000
4391000000
4391010000
4391020000
4391030000
4391040000
4391050000
4391060000
4391070000
4391080000
4391090000
4391100000
4391110000
4391120000
4391130000
4391140000
4391150000
4391160000
4391170000
4391180000
4391190000
4391200000
4391210000
4391220000
4391230000
4391240000
4391250000
4391260000
4391270000
4391280000
4391290000
4391300000
4391310000
4391320000
4391330000
4391340000
4391350000
4391360000
4391370000
4391380000
4391390000
4391400000
4391410000
4391420000
4391430000
4391440000
4391450000
4391460000
4391470000
4391480000
4391490000
4391500000
4391510000
4391520000
4391530000
4391540000
4391550000
4391560000
4391570000
4391580000
4391590000
4391600000
4391610000
4391620000
4391630000
4391640000
4391650000
4391660000
4391670000
4391680000
4391690000
4391700000
4391710000
4391720000
4391730000
4391740000
4391750000
4391760000
4391770000
4391780000
4391790000
4391800000
4391810000
4391820000
4391830000
4391840000
4391850000
4391860000
4391870000
4391880000
4391890000
4391900000
4391910000
4391920000
4391930000
4391940000
4391950000
4391960000
4391970000
4391980000
4391990000
4392000000
4392010000
4392020000
4392030000
4392040000
4392050000
4392060000
4392070000
4392080000
4392090000
4392100000
4392110000
4392120000
4392130000
4392140000
4392150000
4392160000
4392170000
4392180000
4392190000
4392200000
4392210000
4392220000
4392230000
4392240000
4392250000
4392260000
4392270000
4392280000
4392290000
4392300000
4392310000
4392320000
4392330000
4392340000
4392350000
4392360000
4392370000
4392380000
4392390000
4392400000
4392410000
4392420000
4392430000
4392440000
4392450000
4392460000
4392470000
4392480000
4392490000
4392500000
4392510000
4392520000
4392530000
4392540000
4392550000
4392560000
4392570000
4392580000
4392590000
4392600000
4392610000
4392620000
4392630000
4392640000
4392650000
4392660000
4392670000
4392680000
4392690000
4392700000
4392710000
4392720000
4392730000
4392740000
4392750000
4392760000
4392770000
4392780000
4392790000
4392800000
4392810000
4392820000
4392830000
4392840000
4392850000
4392860000
4392870000
4392880000
4392890000
4392900000
4392910000
4392920000
4392930000
4392940000
4392950000
4392960000
4392970000
4392980000
4392990000
4393000000
4393010000
4393020000
4393030000
4393040000
4393050000
4393060000
4393070000
4393080000
4393090000
4393100000
4393110000
4393120000
4393130000
4393140000
4393150000
4393160000
4393170000
4393180000
4393190000
4393200000
4393210000
4393220000
4393230000
4393240000
4393250000
4393260000
4393270000
4393280000
4393290000
4393300000
4393310000
4393320000
4393330000
4393340000
4393350000
4393360000
4393370000
4393380000
4393390000
4393400000
4393410000
4393420000
4393430000
4393440000
4393450000
4393460000
4393470000
4393480000
4393490000
4393500000
4393510000
4393520000
4393530000
4393540000
4393550000
4393560000
4393570000
4393580000
4393590000
4393600000
4393610000
4393620000
4393630000
4393640000
4393650000
4393660000
4393670000
4393680000
4393690000
4393700000
4393710000
4393720000
4393730000
4393740000
4393750000
4393760000
4393770000
4393780000
4393790000
4393800000
4393810000
4393820000
4393830000
4393840000
4393850000
4393860000
4393870000
4393880000
4393890000
4393900000
4393910000
4393920000
4393930000
4393940000
4393950000
4393960000
4393970000
4393980000
4393990000
4394000000
4394010000
4394020000
4394030000
4394040000
4394050000
4394060000
4394070000
4394080000
4394090000
4394100000
4394110000
4394120000
4394130000
4394140000
4394150000
4394160000
4394170000
4394180000
4394190000
4394200000
4394210000
4394220000
4394230000
4394240000
4394250000
4394260000
4394270000
4394280000
4394290000
4394300000
4394310000
4394320000
4394330000
4394340000
4394350000
4394360000
4394370000
4394380000
4394390000
4394400000
4394410000
4394420000
4394430000
4394440000
4394450000
4394460000
4394470000
4394480000
4394490000
4394500000
4394510000
4394520000
4394530000
4394540000
4394550000
4394560000
4394570000
4394580000
4394590000
4394600000
4394610000
4394620000
4394630000
4394640000
4394650000
4394660000
4394670000
4394680000
4394690000
4394700000
4394710000
4394720000
4394730000
4394740000
4394750000
4394760000
4394770000
4394780000
4394790000
4394800000
4394810000
4394820000
4394830000
4394840000
4394850000
4394860000
4394870000
4394880000
4394890000
4394900000
4394910000
4394920000
4394930000
4394940000
4394950000
4394960000
4394970000
4394980000
4394990000
4395000000
4395010000
4395020000
4395030000
4395040000
4395050000
4395060000
4395070000
4395080000
4395090000
4395100000
4395110000
4395120000
4395130000
4395140000
4395150000
4395160000
4395170000
4395180000
4395190000
4395200000
4395210000
4395220000
4395230000
4395240000
4395250000
4395260000
4395270000
4395280000
4395290000
4395300000
4395310000
4395320000
4395330000
4395340000
4395350000
4395360000
4395370000
4395380000
4395390000
4395400000
4395410000
4395420000
4395430000
4395440000
4395450000
4395460000
4395470000
4395480000
4395490000
4395500000
4395510000
4395520000
4395530000
4395540000
4395550000
4395560000
4395570000
4395580000
4395590000
4395600000
4395610000
4395620000
4395630000
4395640000
4395650000
4395660000
4395670000
4395680000
4395690000
4395700000
4395710000
4395720000
4395730000
4395740000
4395750000
4395760000
4395770000
4395780000
4395790000
4395800000
4395810000
4395820000
4395830000
4395840000
4395850000
4395860000
4395870000
4395880000
4395890000
4395900000
4395910000
4395920000
4395930000
4395940000
4395950000
4395960000
4395970000
4395980000
4395990000
4396000000
4396010000
4396020000
4396030000
4396040000
4396050000
4396060000
4396070000
4396080000
4396090000
4396100000
4396110000
4396120000
4396130000
4396140000
4396150000
4396160000
4396170000
4396180000
4396190000
4396200000
4396210000
4396220000
4396230000
4396240000
4396250000
4396260000
4396270000
4396280000
4396290000
4396300000
4396310000
4396320000
4396330000
4396340000
4396350000
4396360000
4396370000
4396380000
4396390000
4396400000
4396410000
4396420000
4396430000
4396440000
4396450000
4396460000
4396470000
4396480000
4396490000
4396500000
4396510000
4396520000
4396530000
4396540000
4396550000
4396560000
4396570000
4396580000
4396590000
4396600000
4396610000
4396620000
4396630000
4396640000
4396650000
4396660000
4396670000
4396680000
4396690000
4396700000
4396710000
4396720000
4396730000
4396740000
4396750000
4396760000
4396770000
4396780000
4396790000
4396800000
4396810000
4396820000
4396830000
4396840000
4396850000
4396860000
4396870000
4396880000
4396890000
4396900000
4396910000
4396920000
4396930000
4396940000
4396950000
4396960000
4396970000
4396980000
4396990000
4397000000
4397010000
4397020000
4397030000
4397040000
4397050000
4397060000
4397070000
4397080000
4397090000
4397100000
4397110000
4397120000
4397130000
4397140000
4397150000
4397160000
4397170000
4397180000
4397190000
4397200000
4397210000
4397220000
4397230000
4397240000
4397250000
4397260000
4397270000
4397280000
4397290000
4397300000
4397310000
4397320000
4397330000
4397340000
4397350000
4397360000
4397370000
4397380000
4397390000
4397400000
4397410000
4397420000
4397430000
4397440000
4397450000
4397460000
4397470000
4397480000
4397490000
4397500000
4397510000
4397520000
4397530000
4397540000
4397550000
4397560000
4397570000
4397580000
4397590000
4397600000
4397610000
4397620000
4397630000
4397640000
4397650000
4397660000
4397670000
4397680000
4397690000
4397700000
4397710000
4397720000
4397730000
4397740000
4397750000
4397760000
4397770000
4397780000
4397790000
4397800000
4397810000
4397820000
4397830000
4397840000
4397850000
4397860000
4397870000
4397880000
4397890000
4397900000
4397910000
4397920000
4397930000
4397940000
4397950000
4397960000
4397970000
4397980000
4397990000
4398000000
4398010000
4398020000
4398030000
4398040000
4398050000
4398060000
4398070000
4398080000
4398090000
4398100000
4398110000
4398120000
4398130000
4398140000
4398150000
4398160000
4398170000
4398180000
4398190000
4398200000
4398210000
4398220000
4398230000
4398240000
4398250000
4398260000
4398270000
4398280000
4398290000
4398300000
4398310000
4398320000
4398330000
4398340000
4398350000
4398360000
4398370000
4398380000
4398390000
4398400000
4398410000
4398420000
4398430000
4398440000
4398450000
4398460000
4398470000
4398480000
4398490000
4398500000
4398510000
4398520000
4398530000
4398540000
4398550000
4398560000
4398570000
4398580000
4398590000
4398600000
4398610000
4398620000
4398630000
4398640000
4398650000
4398660000
4398670000
4398680000
4398690000
4398700000
4398710000
4398720000
4398730000
4398740000
4398750000
4398760000
4398770000
4398780000
4398790000
4398800000
4398810000
4398820000
4398830000
4398840000
4398850000
4398860000
4398870000
4398880000
4398890000
4398900000
4398910000
4398920000
4398930000
4398940000
4398950000
4398960000
4398970000
4398980000
4398990000
4399000000
4399010000
4399020000
4399030000
4399040000
4399050000
4399060000
4399070000
4399080000
4399090000
4399100000
4399110000
4399120000
4399130000
4399140000
4399150000
4399160000
4399170000
4399180000
4399190000
4399200000
4399210000
4399220000
4399230000
4399240000
4399250000
4399260000
4399270000
4399280000
4399290000
4399300000
4399310000
4399320000
4399330000
4399340000
4399350000
4399360000
4399370000
4399380000
4399390000
4399400000
4399410000
4399420000
4399430000
4399440000
4399450000
4399460000
4399470000
4399480000
4399490000
4399500000
4399510000
4399520000
4399530000
4399540000
4399550000
4399560000
4399570000
4399580000
4399590000
4399600000
4399610000
4399620000
4399630000
4399640000
4399650000
4399660000
4399670000
4399680000
4399690000
4399700000
4399710000
4399720000
4399730000
4399740000
4399750000
4399760000
4399770000
4399780000
4399790000
4399800000
4399810000
4399820000
4399830000
4399840000
4399850000
4399860000
4399870000
4399880000
4399890000
4399900000
4399910000
4399920000
4399930000
4399940000
4399950000
4399960000
4399970000
4399980000
4399990000
4400000000
4400010000
4400020000
4400030000
4400040000
4400050000
4400060000
4400070000
4400080000
4400090000
4400100000
4400110000
4400120000
4400130000
4400140000
4400150000
4400160000
4400170000
4400180000
4400190000
4400200000
4400210000
4400220000
4400230000
4400240000
4400250000
4400260000
4400270000
4400280000
4400290000
4400300000
4400310000
4400320000
4400330000
4400340000
4400350000
4400360000
4400370000
4400380000
4400390000
4400400000
4400410000
4400420000
4400430000
4400440000
4400450000
4400460000
4400470000
4400480000
4400490000
4400500000
4400510000
4400520000
4400530000
4400540000
4400550000
4400560000
4400570000
4400580000
4400590000
4400600000
4400610000
4400620000
4400630000
4400640000
4400650000
4400660000
4400670000
4400680000
4400690000
4400700000
4400710000
4400720000
4400730000
4400740000
4400750000
4400760000
4400770000
4400780000
4400790000
4400800000
4400810000
4400820000
4400830000
4400840000
4400850000
4400860000
4400870000
4400880000
4400890000
4400900000
4400910000
4400920000
4400930000
4400940000
4400950000
4400960000
4400970000
4400980000
4400990000
4401000000
4401010000
4401020000
4401030000
4401040000
4401050000
4401060000
4401070000
4401080000
4401090000
4401100000
4401110000
4401120000
4401130000
4401140000
4401150000
4401160000
4401170000
4401180000
4401190000
4401200000
4401210000
4401220000
4401230000
4401240000
4401250000
4401260000
4401270000
4401280000
4401290000
4401300000
4401310000
4401320000
4401330000
4401340000
4401350000
4401360000
4401370000
4401380000
4401390000
4401400000
4401410000
4401420000
4401430000
4401440000
4401450000
4401460000
4401470000
4401480000
4401490000
4401500000
4401510000
4401520000
4401530000
4401540000
4401550000
4401560000
4401570000
4401580000
4401590000
4401600000
4401610000
4401620000
4401630000
4401640000
4401650000
4401660000
4401670000
4401680000
4401690000
4401700000
4401710000
4401720000
4401730000
4401740000
4401750000
4401760000
4401770000
4401780000
4401790000
4401800000
4401810000
4401820000
4401830000
4401840000
4401850000
4401860000
4401870000
4401880000
4401890000
4401900000
4401910000
4401920000
4401930000
4401940000
4401950000
4401960000
4401970000
4401980000
4401990000
4402000000
4402010000
4402020000
4402030000
4402040000
4402050000
4402060000
4402070000
4402080000
4402090000
4402100000
4402110000
4402120000
4402130000
4402140000
4402150000
4402160000
4402170000
4402180000
4402190000
4402200000
4402210000
4402220000
4402230000
4402240000
4402250000
4402260000
4402270000
4402280000
4402290000
4402300000
4402310000
4402320000
4402330000
4402340000
4402350000
4402360000
4402370000
4402380000
4402390000
4402400000
4402410000
4402420000
4402430000
4402440000
4402450000
4402460000
4402470000
4402480000
4402490000
4402500000
4402510000
4402520000
4402530000
4402540000
4402550000
4402560000
4402570000
4402580000
4402590000
4402600000
4402610000
4402620000
4402630000
4402640000
4402650000
4402660000
4402670000
4402680000
4402690000
4402700000
4402710000
4402720000
4402730000
4402740000
4402750000
4402760000
4402770000
4402780000
4402790000
4402800000
4402810000
4402820000
4402830000
4402840000
4402850000
4402860000
4402870000
4402880000
4402890000
4402900000
4402910000
4402920000
4402930000
4402940000
4402950000
4402960000
4402970000
4402980000
4402990000
4403000000
4403010000
4403020000
4403030000
4403040000
4403050000
4403060000
4403070000
4403080000
4403090000
4403100000
4403110000
4403120000
4403130000
4403140000
4403150000
4403160000
4403170000
4403180000
4403190000
4403200000
4403210000
4403220000
4403230000
4403240000
4403250000
4403260000
4403270000
4403280000
4403290000
4403300000
4403310000
4403320000
4403330000
4403340000
4403350000
4403360000
4403370000
4403380000
4403390000
4403400000
4403410000
4403420000
4403430000
4403440000
4403450000
4403460000
4403470000
4403480000
4403490000
4403500000
4403510000
4403520000
4403530000
4403540000
4403550000
4403560000
4403570000
4403580000
4403590000
4403600000
4403610000
4403620000
4403630000
4403640000
4403650000
4403660000
4403670000
4403680000
4403690000
4403700000
4403710000
4403720000
4403730000
4403740000
4403750000
4403760000
4403770000
4403780000
4403790000
4403800000
4403810000
4403820000
4403830000
4403840000
4403850000
4403860000
4403870000
4403880000
4403890000
4403900000
4403910000
4403920000
4403930000
4403940000
4403950000
4403960000
4403970000
4403980000
4403990000
4404000000
4404010000
4404020000
4404030000
4404040000
4404050000
4404060000
4404070000
4404080000
4404090000
4404100000
4404110000
4404120000
4404130000
4404140000
4404150000
4404160000
4404170000
4404180000
4404190000
4404200000
4404210000
4404220000
4404230000
4404240000
4404250000
4404260000
4404270000
4404280000
4404290000
4404300000
4404310000
4404320000
4404330000
4404340000
4404350000
4404360000
4404370000
4404380000
4404390000
4404400000
4404410000
4404420000
4404430000
4404440000
4404450000
4404460000
4404470000
4404480000
4404490000
4404500000
4404510000
4404520000
4404530000
4404540000
4404550000
4404560000
4404570000
4404580000
4404590000
4404640000
4404650000
4404660000
4404670000
4404680000
4404690000
4404700000
4404710000
4404720000
4404730000
4404740000
4404750000
4404760000
4404770000
4404780000
4404790000
4404800000
4404810000
4404820000
4404830000
4404840000
4404850000
4404860000
4404870000
4404880000
4404890000
4404900000
4404910000
4404920000
4404930000
4404940000
4404950000
4404960000
4404970000
4404980000
4404990000
4405000000
4405010000
4405020000
4405030000
4405040000
4405050000
4405060000
4405070000
4405080000
4405090000
4405100000
4405110000
4405120000
4405130000
4405140000
4405150000
4405160000
4405170000
4405180000
4405190000
4405200000
4405210000
4405220000
4405230000
4405240000
4405250000
4405260000
4405270000
4405280000
4405290000
4405300000
4405310000
4405320000
4405330000
4405340000
4405350000
4405360000
4405370000
4405380000
4405390000
4405400000
4405410000
4405420000
4405430000
4405440000
4405450000
4405460000
4405470000
4405480000
4405490000
4405500000
4405510000
4405520000
4405530000
4405540000
4405550000
4405560000
4405570000
4405580000
4405590000
4405600000
4405610000
4405620000
4405630000
4405640000
4405650000
4405660000
4405670000
4405680000
4405690000
4405700000
4405710000
4405720000
4405730000
4405740000
4405750000
4405760000
4405770000
4405780000
4405790000
4405800000
4405810000
4405820000
4405830000
4405840000
4405850000
4405860000
4405870000
4405880000
4405890000
4405900000
4405910000
4405920000
4405930000
4405940000
4405950000
4405960000
4405970000
4405980000
4405990000
4406000000
4406010000
4406020000
4406030000
4406040000
4406050000
4406060000
4406070000
4406080000
4406090000
4406100000
4406110000
4406120000
4406130000
4406140000
4406150000
4406160000
4406170000
4406180000
4406190000
4406200000
4406210000
4406220000
4406230000
4406240000
4406250000
4406260000
4406270000
4406280000
4406290000
4406300000
4406310000
4406320000
4406330000
4406340000
4406350000
4406360000
4406370000
4406380000
4406390000
4406400000
4406410000
4406420000
4406430000
4406440000
4406450000
4406460000
4406470000
4406480000
4406490000
4406500000
4406510000
4406520000
4406530000
4406540000
4406550000
4406560000
4406570000
4406580000
4406590000
4406600000
4406610000
4406620000
4406630000
4406640000
4406650000
4406660000
4406670000
4406680000
4406690000
4406700000
4406710000
4406720000
4406730000
4406740000
4406750000
4406760000
4406770000
4406780000
4406790000
4406800000
4406810000
4406820000
4406830000
4406840000
4406850000
4406860000
4406870000
4406880000
4406890000
4406900000
4406910000
4406920000
4406930000
4406940000
4406950000
4406960000
4406970000
4406980000
4406990000
4407000000
4407010000
4407020000
4407030000
4407040000
4407050000
4407060000
4407070000
4407080000
4407090000
4407100000
4407110000
4407120000
4407130000
4407140000
4407150000
4407160000
4407170000
4407180000
4407190000
4407200000
4407210000
4407220000
4407230000
4407240000
4407250000
4407260000
4407270000
4407280000
4407290000
4407300000
4407310000
4407320000
4407330000
4407340000
4407350000
4407360000
4407370000
4407380000
4407390000
4407400000
4407410000
4407420000
4407430000
4407440000
4407450000
4407460000
4407470000
4407480000
4407490000
4407500000
4407510000
4407520000
4407530000
4407540000
4407550000
4407560000
4407570000
4407580000
4407590000
4407600000
4407610000
4407620000
4407630000
4407640000
4407650000
4407660000
4407670000
4407680000
4407690000
4407700000
4407710000
4407720000
4407730000
4407740000
4407750000
4407760000
4407770000
4407780000
4407790000
4407800000
4407810000
4407820000
4407830000
4407840000
4407850000
4407860000
4407870000
4407880000
4407890000
4407900000
4407910000
4407920000
4407930000
4407940000
4407950000
4407960000
4407970000
4407980000
4407990000
4408000000
4408010000
4408020000
4408030000
4408040000
4408050000
4408060000
4408070000
4408080000
4408090000
4408100000
4408110000
4408120000
4408130000
4408140000
4408150000
4408160000
4408170000
4408180000
4408190000
4408200000
4408210000
4408220000
4408230000
4408240000
4408250000
4408260000
4408270000
4408280000
4408290000
4408300000
4408310000
4408320000
4408330000
4408340000
4408350000
4408360000
4408370000
4408380000
4408390000
4408400000
4408410000
4408420000
4408430000
4408440000
4408450000
4408460000
4408470000
4408480000
4408490000
4408500000
4408510000
4408520000
4408530000
4408540000
4408550000
4408560000
4408570000
4408580000
4408590000
4408600000
4408610000
4408620000
4408630000
4408640000
4408650000
4408660000
4408670000
4408680000
4408690000
4408700000
4408710000
4408720000
4408730000
4408740000
4408750000
4408760000
4408770000
4408780000
4408790000
4408800000
4408810000
4408820000
4408830000
4408840000
4408850000
4408860000
4408870000
4408880000
4408890000
4408900000
4408910000
4408920000
4408930000
4408940000
4408950000
4408960000
4408970000
4408980000
4408990000
4409000000
4409010000
4409020000
4409030000
4409040000
4409050000
4409060000
4409070000
4409080000
4409090000
4409100000
4409110000
4409120000
4409130000
4409140000
4409150000
4409160000
4409170000
4409180000
4409190000
4409200000
4409210000
4409220000
4409230000
4409240000
4409250000
4409260000
4409270000
4409280000
4409290000
4409300000
4409310000
4409320000
4409330000
4409340000
4409350000
4409360000
4409370000
4409380000
4409390000
4409400000
4409410000
4409420000
4409430000
4409440000
4409450000
4409460000
4409470000
4409480000
4409490000
4409500000
4409510000
4409520000
4409530000
4409540000
4409550000
4409560000
4409570000
4409580000
4409590000
4409600000
4409610000
4409620000
4409630000
4409640000
4409650000
4409660000
4409670000
4409680000
4409690000
4409700000
4409710000
4409720000
4409730000
4409740000
4409750000
4409760000
4409770000
4409780000
4409790000
4409800000
4409810000
4409820000
4409830000
4409840000
4409850000
4409860000
4409870000
4409880000
4409890000
4409900000
4409910000
4409920000
4409930000
4409940000
4409950000
4409960000
4409970000
4409980000
4409990000
4410000000
4410010000
4410020000
4410030000
4410040000
4410050000
4410060000
4410070000
4410080000
4410090000
4410100000
4410110000
4410120000
4410130000
4410140000
4410150000
4410160000
4410170000
4410180000
4410190000
4410200000
4410210000
4410220000
4410230000
4410240000
4410250000
4410260000
4410270000
4410280000
4410290000
4410300000
4410310000
4410320000
4410330000
4410340000
4410350000
4410360000
4410370000
4410380000
4410390000
4410400000
4410410000
4410420000
4410430000
4410440000
4410450000
4410460000
4410470000
4410480000
4410490000
4410500000
4410510000
4410520000
4410530000
4410540000
4410550000
4410560000
4410570000
4410580000
4410590000
4410600000
4410610000
4410620000
4410630000
4410640000
4410650000
4410660000
4410670000
4410680000
4410690000
4410700000
4410710000
4410720000
4410730000
4410740000
4410750000
4410760000
4410770000
4410780000
4410790000
4410800000
4410810000
4410820000
4410830000
4410840000
4410850000
4410860000
4410870000
4410880000
4410890000
4410900000
4410910000
4410920000
4410930000
4410940000
4410950000
4410960000
4410970000
4410980000
4410990000
4411000000
4411010000
4411020000
4411030000
4411040000
4411050000
4411060000
4411070000
4411080000
4411090000
4411100000
4411110000
4411120000
4411130000
4411140000
4411150000
4411160000
4411170000
4411180000
4411190000
4411200000
4411210000
4411220000
4411230000
4411240000
4411250000
4411260000
4411270000
4411280000
4411290000
4411300000
4411310000
4411320000
4411330000
4411340000
4411350000
4411360000
4411370000
4411380000
4411390000
4411400000
4411410000
4411420000
4411430000
4411440000
4411450000
4411460000
4411470000
4411480000
4411500000
4411510000
4411520000
4411530000
4411540000
4411550000
4411560000
4411570000
4411580000
4411590000
4411600000
4411610000
4411620000
4411630000
4411640000
4411650000
4411660000
4411670000
4411680000
4411690000
4411700000
4411710000
4411720000
4411730000
4411740000
4411750000
4411760000
4411770000
4411780000
4411790000
4411800000
4411810000
4411820000
4411830000
4411840000
4411850000
4411860000
4411870000
4411880000
4411890000
4411900000
4411910000
4411920000
4411930000
4411940000
4411950000
4411960000
4411970000
4411980000
4411990000
4412000000
4412010000
4412020000
4412030000
4412040000
4412050000
4412060000
4412070000
4412080000
4412090000
4412100000
4412110000
4412120000
4412130000
4412140000
4412150000
4412160000
4412170000
4412180000
4412190000
4412200000
4412210000
4412220000
4412230000
4412240000
4412250000
4412260000
4412270000
4412280000
4412290000
4412300000
4412310000
4412320000
4412330000
4412340000
4412350000
4412360000
4412370000
4412380000
4412390000
4412400000
4412410000
4412420000
4412430000
4412440000
4412450000
4412460000
4412470000
4412480000
4412490000
4412500000
4412510000
4412520000
4412530000
4412540000
4412550000
4412560000
4412570000
4412580000
4412590000
4412600000
4412610000
4412620000
4412630000
4412640000
4412650000
4412660000
4412670000
4412680000
4412690000
4412700000
4412710000
4412720000
4412730000
4412740000
4412750000
4412760000
4412770000
4412780000
4412790000
4412800000
4412810000
4412820000
4412830000
4412840000
4412850000
4412860000
4412870000
4412880000
4412890000
4412900000
4412910000
4412920000
4412930000
4412940000
4412950000
4412960000
4412970000
4412980000
4412990000
4413000000
4413010000
4413020000
4413030000
4413040000
4413050000
4413060000
4413070000
4413080000
4413090000
4413100000
4413110000
4413120000
4413130000
4413140000
4413150000
4413160000
4413170000
4413180000
4413190000
4413200000
4413210000
4413220000
4413230000
4413240000
4413250000
4413260000
4413270000
4413280000
4413290000
4413300000
4413310000
4413320000
4413330000
4413340000
4413350000
4413360000
4413370000
4413380000
4413390000
4413400000
4413410000
4413420000
4413430000
4413440000
4413450000
4413460000
4413470000
4413480000
4413490000
4413500000
4413510000
4413520000
4413530000
4413540000
4413550000
4413560000
4413570000
4413580000
4413590000
4413600000
4413610000
4413620000
4413630000
4413640000
4413650000
4413660000
4413670000
4413680000
4413690000
4413700000
4413710000
4413720000
4413730000
4413740000
4413750000
4413760000
4413770000
4413780000
4413790000
4413800000
4413810000
4413820000
4413830000
4413840000
4413850000
4413860000
4413870000
4413880000
4413890000
4413900000
4413910000
4413920000
4413930000
4413940000
4413950000
4413960000
4413970000
4413980000
4413990000
4414000000
4414010000
4414020000
4414030000
4414040000
4414050000
4414060000
4414070000
4414080000
4414090000
4414100000
4414110000
4414120000
4414130000
4414140000
4414150000
4414160000
4414170000
4414180000
4414190000
4414200000
4414210000
4414220000
4414230000
4414240000
4414250000
4414260000
4414270000
4414280000
4414290000
4414300000
4414310000
4414320000
4414330000
4414340000
4414350000
4414360000
4414370000
4414380000
4414390000
4414400000
4414410000
4414420000
4414430000
4414440000
4414450000
4414460000
4414470000
4414480000
4414490000
4414500000
4414510000
4414530000
4414540000
4414550000
4414560000
4414570000
4414580000
4414590000
4414600000
4414610000
4414620000
4414630000
4414640000
4414650000
4414660000
4414670000
4414680000
4414690000
4414700000
4414710000
4414720000
4414730000
4414740000
4414750000
4414760000
4414770000
4414780000
4414790000
4414800000
4414810000
4414820000
4414830000
4414840000
4414850000
4414860000
4414870000
4414880000
4414890000
4414900000
4414910000
4414920000
4414930000
4414940000
4414950000
4414960000
4414970000
4414980000
4414990000
4415000000
4415010000
4415020000
4415030000
4415040000
4415050000
4415060000
4415070000
4415080000
4415090000
4415100000
4415110000
4415120000
4415130000
4415140000
4415150000
4415160000
4415170000
4415180000
4415190000
4415200000
4415210000
4415220000
4415230000
4415240000
4415250000
4415260000
4415270000
4415280000
4415290000
4415300000
4415310000
4415320000
4415330000
4415340000
4415350000
4415360000
4415370000
4415380000
4415390000
4415400000
4415410000
4415420000
4415430000
4415440000
4415450000
4415460000
4415470000
4415480000
4415490000
4415500000
4415510000
4415520000
4415530000
4415540000
4415550000
4415560000
4415570000
4415580000
4415590000
4415600000
4415610000
4415620000
4415630000
4415640000
4415650000
4415660000
4415670000
4415680000
4415690000
4415700000
4415710000
4415720000
4415730000
4415740000
4415750000
4415760000
4415770000
4415780000
4415790000
4415800000
4415810000
4415820000
4415830000
4415840000
4415850000
4415860000
4415870000
4415880000
4415890000
4415900000
4415910000
4415920000
4415930000
4415940000
4415950000
4415960000
4415970000
4415980000
4415990000
4416000000
4416010000
4416020000
4416030000
4416040000
4416050000
4416060000
4416070000
4416080000
4416090000
4416100000
4416110000
4416120000
4416130000
4416140000
4416150000
4416160000
4416170000
4416180000
4416190000
4416200000
4416210000
4416220000
4416230000
4416240000
4416250000
4416260000
4416270000
4416280000
4416290000
4416300000
4416310000
4416320000
4416330000
4416340000
4416350000
4416360000
4416370000
4416380000
4416390000
4416400000
4416410000
4416420000
4416430000
4416440000
4416450000
4416460000
4416470000
4416480000
4416490000
4416500000
4416510000
4416520000
4416530000
4416540000
4416550000
4416560000
4416570000
4416580000
4416590000
4416600000
4416610000
4416620000
4416630000
4416640000
4416650000
4416660000
4416670000
4416680000
4416690000
4416700000
4416710000
4416720000
4416730000
4416740000
4416750000
4416760000
4416770000
4416780000
4416790000
4416800000
4416810000
4416820000
4416830000
4416840000
4416850000
4416860000
4416870000
4416880000
4416890000
4416900000
4416910000
4416920000
4416930000
4416940000
4416950000
4416960000
4416970000
4416980000
4416990000
4417000000
4417010000
4417020000
4417030000
4417040000
4417050000
4417060000
4417070000
4417080000
4417090000
4417100000
4417110000
4417120000
4417130000
4417140000
4417150000
4417160000
4417170000
4417180000
4417190000
4417200000
4417210000
4417220000
4417230000
4417240000
4417250000
4417260000
4417270000
4417280000
4417290000
4417300000
4417310000
4417320000
4417330000
4417340000
4417350000
4417360000
4417370000
4417380000
4417390000
4417400000
4417410000
4417420000
4417430000
4417440000
4417450000
4417460000
4417470000
4417480000
4417490000
4417500000
4417510000
4417520000
4417530000
4417540000
4417550000
4417560000
4417570000
4417580000
4417590000
4417600000
4417610000
4417620000
4417630000
4417640000
4417650000
4417660000
4417670000
4417680000
4417690000
4417700000
4417710000
4417720000
4417730000
4417740000
4417750000
4417760000
4417770000
4417780000
4417790000
4417800000
4417810000
4417820000
4417830000
4417840000
4417850000
4417860000
4417870000
4417880000
4417890000
4417900000
4417910000
4417920000
4417930000
4417940000
4417950000
4417960000
4417970000
4417980000
4417990000
4418000000
4418010000
4418020000
4418030000
4418040000
4418050000
4418060000
4418070000
4418080000
4418090000
4418100000
4418110000
4418120000
4418130000
4418140000
4418150000
4418160000
4418170000
4418180000
4418190000
4418200000
4418210000
4418220000
4418230000
4418240000
4418250000
4418260000
4418270000
4418280000
4418290000
4418300000
4418310000
4418320000
4418330000
4418340000
4418350000
4418360000
4418370000
4418380000
4418390000
4418400000
4418410000
4418420000
4418430000
4418440000
4418450000
4418460000
4418470000
4418480000
4418490000
4418500000
4418510000
4418520000
4418530000
4418540000
4418550000
4418560000
4418570000
4418580000
4418590000
4418600000
4418610000
4418620000
4418630000
4418640000
4418650000
4418660000
4418670000
4418680000
4418690000
4418700000
4418710000
4418720000
4418730000
4418740000
4418750000
4418760000
4418770000
4418780000
4418790000
4418800000
4418810000
4418820000
4418830000
4418840000
4418850000
4418860000
4418870000
4418880000
4418890000
4418900000
4418910000
4418920000
4418930000
4418940000
4418950000
4418960000
4418970000
4418980000
4418990000
4419000000
4419010000
4419020000
4419030000
4419040000
4419050000
4419060000
4419070000
4419080000
4419090000
4419100000
4419110000
4419120000
4419130000
4419140000
4419150000
4419160000
4419170000
4419180000
4419190000
4419200000
4419210000
4419220000
4419230000
4419240000
4419250000
4419260000
4419270000
4419280000
4419290000
4419300000
4419310000
4419320000
4419330000
4419340000
4419350000
4419360000
4419370000
4419380000
4419390000
4419400000
4419410000
4419420000
4419430000
4419440000
4419450000
4419460000
4419470000
4419480000
4419490000
4419500000
4419510000
4419520000
4419530000
4419540000
4419550000
4419560000
4419570000
4419580000
4419590000
4419600000
4419610000
4419620000
4419630000
4419640000
4419650000
4419660000
4419670000
4419680000
4419690000
4419700000
4419710000
4419720000
4419730000
4419740000
4419750000
4419760000
4419770000
4419780000
4419790000
4419800000
4419810000
4419820000
4419830000
4419840000
4419850000
4419860000
4419870000
4419880000
4419890000
4419900000
4419910000
4419920000
4419930000
4419940000
4419950000
4419960000
4419970000
4419980000
4419990000
4420000000
4420010000
4420020000
4420030000
4420040000
4420050000
4420060000
4420070000
4420080000
4420090000
4420100000
4420110000
4420120000
4420130000
4420140000
4420150000
4420160000
4420170000
4420180000
4420190000
4420200000
4420210000
4420220000
4420230000
4420240000
4420250000
4420260000
4420270000
4420280000
4420290000
4420300000
4420310000
4420320000
4420330000
4420340000
4420350000
4420360000
4420370000
4420380000
4420390000
4420400000
4420410000
4420420000
4420430000
4420440000
4420450000
4420460000
4420470000
4420480000
4420490000
4420500000
4420510000
4420520000
4420530000
4420540000
4420550000
4420560000
4420570000
4420580000
4420590000
4420600000
4420610000
4420620000
4420630000
4420640000
4420650000
4420660000
4420670000
4420680000
4420690000
4420700000
4420710000
4420720000
4420730000
4420740000
4420750000
4420760000
4420770000
4420780000
4420790000
4420800000
4420810000
4420820000
4420830000
4420840000
4420850000
4420860000
4420870000
4420880000
4420890000
4420900000
4420910000
4420920000
4420930000
4420940000
4420950000
4420960000
4420970000
4420980000
4420990000
4421000000
4421010000
4421020000
4421030000
4421040000
4421050000
4421060000
4421070000
4421080000
4421090000
4421100000
4421110000
4421120000
4421130000
4421140000
4421150000
4421160000
4421170000
4421180000
4421190000
4421200000
4421210000
4421220000
4421230000
4421240000
4421250000
4421260000
4421270000
4421280000
4421290000
4421300000
4421310000
4421320000
4421330000
4421340000
4421350000
4421360000
4421370000
4421380000
4421390000
4421400000
4421410000
4421420000
4421430000
4421440000
4421450000
4421460000
4421470000
4421480000
4421490000
4421500000
4421510000
4421520000
4421530000
4421540000
4421550000
4421560000
4421570000
4421580000
4421590000
4421600000
4421610000
4421620000
4421630000
4421640000
4421650000
4421660000
4421670000
4421680000
4421690000
4421700000
4421710000
4421720000
4421730000
4421740000
4421750000
4421760000
4421770000
4421780000
4421790000
4421800000
4421810000
4421820000
4421830000
4421840000
4421850000
4421860000
4421870000
4421880000
4421890000
4421900000
4421910000
4421920000
4421930000
4421940000
4421950000
4421960000
4421970000
4421980000
4421990000
4422000000
4422010000
4422020000
4422030000
4422040000
4422050000
4422060000
4422070000
4422080000
4422090000
4422100000
4422110000
4422120000
4422130000
4422140000
4422150000
4422160000
4422170000
4422180000
4422190000
4422200000
4422210000
4422220000
4422230000
4422240000
4422250000
4422260000
4422270000
4422280000
4422290000
4422300000
4422310000
4422320000
4422330000
4422340000
4422350000
4422360000
4422370000
4422380000
4422390000
4422400000
4422410000
4422420000
4422430000
4422440000
4422450000
4422460000
4422470000
4422480000
4422490000
4422500000
4422510000
4422520000
4422530000
4422540000
4422550000
4422560000
4422570000
4422580000
4422590000
4422600000
4422610000
4422620000
4422630000
4422640000
4422650000
4422660000
4422670000
4422680000
4422690000
4422700000
4422710000
4422720000
4422730000
4422740000
4422750000
4422760000
4422770000
4422780000
4422790000
4422800000
4422810000
4422820000
4422830000
4422840000
4422850000
4422860000
4422870000
4422880000
4422890000
4422900000
4422910000
4422920000
4422930000
4422940000
4422950000
4422960000
4422970000
4422980000
4422990000
4423000000
4423010000
4423020000
4423030000
4423040000
4423050000
4423060000
4423070000
4423080000
4423090000
4423100000
4423110000
4423120000
4423130000
4423140000
4423150000
4423160000
4423170000
4423180000
4423190000
4423200000
4423210000
4423220000
4423230000
4423240000
4423250000
4423260000
4423270000
4423280000
4423290000
4423300000
4423310000
4423320000
4423330000
4423340000
4423350000
4423360000
4423370000
4423380000
4423390000
4423400000
4423410000
4423420000
4423430000
4423440000
4423450000
4423460000
4423470000
4423480000
4423490000
4423500000
4423510000
4423520000
4423530000
4423540000
4423550000
4423560000
4423570000
4423580000
4423590000
4423600000
4423610000
4423620000
4423630000
4423640000
4423650000
4423660000
4423670000
4423680000
4423690000
4423700000
4423710000
4423720000
4423730000
4423740000
4423750000
4423760000
4423770000
4423780000
4423790000
4423800000
4423810000
4423820000
4423830000
4423840000
4423850000
4423860000
4423870000
4423880000
4423890000
4423900000
4423910000
4423920000
4423930000
4423940000
4423950000
4423960000
4423970000
4423980000
4423990000
4424000000
4424010000
4424020000
4424030000
4424040000
4424050000
4424060000
4424070000
4424080000
4424090000
4424100000
4424110000
4424120000
4424130000
4424140000
4424150000
4424160000
4424170000
4424180000
4424190000
4424200000
4424210000
4424220000
4424230000
4424240000
4424250000
4424260000
4424270000
4424280000
4424290000
4424300000
4424310000
4424320000
4424330000
4424340000
4424350000
4424360000
4424370000
4424380000
4424390000
4424400000
4424410000
4424420000
4424430000
4424440000
4424450000
4424460000
4424470000
4424480000
4424490000
4424500000
4424510000
4424520000
4424530000
4424540000
4424550000
4424560000
4424570000
4424580000
4424590000
4424600000
4424610000
4424620000
4424630000
4424640000
4424650000
4424660000
4424670000
4424680000
4424690000
4424700000
4424710000
4424720000
4424730000
4424740000
4424750000
4424760000
4424770000
4424780000
4424790000
4424800000
4424810000
4424820000
4424830000
4424840000
4424850000
4424860000
4424870000
4424880000
4424890000
4424900000
4424910000
4424920000
4424930000
4424940000
4424950000
4424960000
4424970000
4424980000
4424990000
4425000000
4425010000
4425020000
4425030000
4425040000
4425050000
4425060000
4425070000
4425080000
4425090000
4425100000
4425110000
4425120000
4425130000
4425140000
4425150000
4425160000
4425170000
4425180000
4425190000
4425200000
4425210000
4425220000
4425230000
4425240000
4425250000
4425260000
4425270000
4425280000
4425290000
4425300000
4425310000
4425320000
4425330000
4425340000
4425350000
4425360000
4425370000
4425380000
4425390000
4425400000
4425410000
4425420000
4425430000
4425440000
4425450000
4425460000
4425470000
4425480000
4425490000
4425500000
4425510000
4425520000
4425530000
4425540000
4425550000
4425560000
4425570000
4425580000
4425590000
4425600000
4425610000
4425620000
4425630000
4425640000
4425650000
4425660000
4425670000
4425680000
4425690000
4425700000
4425710000
4425720000
4425730000
4425740000
4425750000
4425760000
4425770000
4425780000
4425790000
4425800000
4425810000
4425820000
4425830000
4425840000
4425850000
4425860000
4425870000
4425880000
4425890000
4425900000
4425910000
4425920000
4425930000
4425940000
4425950000
4425960000
4425970000
4425980000
4425990000
4426000000
4426010000
4426020000
4426030000
4426040000
4426050000
4426060000
4426070000
4426080000
4426090000
4426100000
4426110000
4426120000
4426130000
4426140000
4426150000
4426160000
4426170000
4426180000
4426190000
4426200000
4426210000
4426220000
4426230000
4426240000
4426250000
4426260000
4426270000
4426280000
4426290000
4426300000
4426310000
4426320000
4426330000
4426340000
4426350000
4426360000
4426370000
4426380000
4426390000
4426400000
4426410000
4426420000
4426430000
4426440000
4426450000
4426460000
4426470000
4426480000
4426490000
4426500000
4426510000
4426520000
4426530000
4426540000
4426550000
4426560000
4426570000
4426580000
4426590000
4426600000
4426610000
4426620000
4426630000
4426640000
4426650000
4426660000
4426670000
4426680000
4426690000
4426700000
4426710000
4426720000
4426730000
4426740000
4426750000
4426760000
4426770000
4426780000
4426790000
4426800000
4426810000
4426820000
4426830000
4426840000
4426850000
4426860000
4426870000
4426880000
4426890000
4426900000
4426910000
4426920000
4426930000
4426940000
4426950000
4426960000
4426970000
4426980000
4426990000
4427000000
4427010000
4427020000
4427030000
4427040000
4427050000
4427060000
4427070000
4427080000
4427090000
4427100000
4427110000
4427120000
4427130000
4427140000
4427150000
4427160000
4427170000
4427180000
4427190000
4427200000
4427210000
4427220000
4427230000
4427240000
4427250000
4427260000
4427270000
4427280000
4427290000
4427300000
4427310000
4427320000
4427330000
4427340000
4427350000
4427360000
4427370000
4427380000
4427390000
4427400000
4427410000
4427420000
4427430000
4427440000
4427450000
4427460000
4427470000
4427480000
4427490000
4427500000
4427510000
4427520000
4427530000
4427540000
4427550000
4427560000
4427570000
4427580000
4427590000
4427600000
4427610000
4427620000
4427630000
4427640000
4427650000
4427660000
4427670000
4427680000
4427690000
4427700000
4427710000
4427720000
4427730000
4427740000
4427750000
4427760000
4427770000
4427780000
4427790000
4427800000
4427810000
4427820000
4427830000
4427840000
4427850000
4427860000
4427870000
4427880000
4427890000
4427900000
4427910000
4427920000
4427930000
4427940000
4427950000
4427960000
4427970000
4427980000
4427990000
4428000000
4428010000
4428020000
4428030000
4428040000
4428050000
4428060000
4428070000
4428080000
4428090000
4428100000
4428110000
4428120000
4428130000
4428140000
4428150000
4428160000
4428170000
4428180000
4428190000
4428200000
4428210000
4428220000
4428230000
4428240000
4428250000
4428260000
4428270000
4428280000
4428290000
4428300000
4428310000
4428320000
4428330000
4428340000
4428350000
4428360000
4428370000
4428380000
4428390000
4428400000
4428410000
4428420000
4428430000
4428440000
4428450000
4428460000
4428470000
4428480000
4428490000
4428500000
4428510000
4428520000
4428530000
4428540000
4428550000
4428560000
4428570000
4428580000
4428590000
4428600000
4428610000
4428620000
4428630000
4428640000
4428650000
4428660000
4428670000
4428680000
4428690000
4428700000
4428710000
4428720000
4428730000
4428740000
4428750000
4428760000
4428770000
4428780000
4428790000
4428800000
4428810000
4428820000
4428830000
4428840000
4428850000
4428860000
4428870000
4428880000
4428890000
4428900000
4428910000
4428920000
4428930000
4428940000
4428950000
4428960000
4428970000
4428980000
4428990000
4429000000
4429010000
4429020000
4429030000
4429040000
4429050000
4429060000
4429070000
4429080000
4429090000
4429100000
4429110000
4429120000
4429130000
4429140000
4429150000
4429160000
4429170000
4429180000
4429190000
4429200000
4429210000
4429220000
4429230000
4429240000
4429250000
4429260000
4429270000
4429280000
4429290000
4429300000
4429310000
4429320000
4429330000
4429340000
4429350000
4429360000
4429370000
4429380000
4429390000
4429400000
4429410000
4429420000
4429430000
4429440000
4429450000
4429460000
4429470000
4429480000
4429490000
4429500000
4429510000
4429520000
4429530000
4429540000
4429550000
4429560000
4429570000
4429580000
4429590000
4429600000
4429610000
4429620000
4429630000
4429640000
4429650000
4429660000
4429670000
4429680000
4429690000
4429700000
4429710000
4429720000
4429730000
4429740000
4429750000
4429760000
4429770000
4429780000
4429790000
4429800000
4429810000
4429820000
4429830000
4429840000
4429850000
4429860000
4429870000
4429880000
4429890000
4429900000
4429910000
4429920000
4429930000
4429940000
4429950000
4429960000
4429970000
4429980000
4429990000
4430000000
4430010000
4430020000
4430030000
4430040000
4430050000
4430060000
4430070000
4430080000
4430090000
4430100000
4430110000
4430120000
4430130000
4430140000
4430150000
4430160000
4430170000
4430180000
4430190000
4430200000
4430210000
4430220000
4430230000
4430240000
4430250000
4430260000
4430270000
4430280000
4430290000
4430300000
4430310000
4430320000
4430330000
4430340000
4430350000
4430360000
4430370000
4430380000
4430390000
4430400000
4430410000
4430420000
4430430000
4430440000
4430450000
4430460000
4430470000
4430480000
4430490000
4430500000
4430510000
4430520000
4430530000
4430540000
4430550000
4430560000
4430570000
4430580000
4430590000
4430600000
4430610000
4430620000
4430630000
4430640000
4430650000
4430660000
4430670000
4430680000
4430690000
4430700000
4430710000
4430720000
4430730000
4430740000
4430750000
4430760000
4430770000
4430780000
4430790000
4430800000
4430810000
4430820000
4430830000
4430840000
4430850000
4430860000
4430870000
4430880000
4430890000
4430900000
4430910000
4430920000
4430930000
4430940000
4430950000
4430960000
4430970000
4430980000
4430990000
4431000000
4431010000
4431020000
4431030000
4431040000
4431050000
4431060000
4431070000
4431080000
4431090000
4431100000
4431110000
4431120000
4431130000
4431140000
4431150000
4431160000
4431170000
4431180000
4431190000
4431200000
4431210000
4431220000
4431230000
4431240000
4431250000
4431260000
4431270000
4431280000
4431290000
4431300000
4431310000
4431320000
4431330000
4431340000
4431350000
4431360000
4431370000
4431380000
4431390000
4431400000
4431410000
4431420000
4431430000
4431440000
4431450000
4431460000
4431470000
4431480000
4431490000
4431500000
4431510000
4431520000
4431530000
4431540000
4431550000
4431560000
4431570000
4431580000
4431590000
4431600000
4431610000
4431620000
4431630000
4431640000
4431650000
4431660000
4431670000
4431680000
4431690000
4431700000
4431710000
4431720000
4431730000
4431740000
4431750000
4431760000
4431770000
4431780000
4431790000
4431800000
4431810000
4431820000
4431830000
4431840000
4431850000
4431860000
4431870000
4431880000
4431890000
4431900000
4431910000
4431920000
4431930000
4431940000
4431950000
4431960000
4431970000
4431980000
4431990000
4432000000
4432010000
4432020000
4432030000
4432040000
4432050000
4432060000
4432070000
4432080000
4432090000
4432100000
4432110000
4432120000
4432130000
4432140000
4432150000
4432160000
4432170000
4432180000
4432190000
4432200000
4432210000
4432220000
4432230000
4432240000
4432250000
4432260000
4432270000
4432280000
4432290000
4432300000
4432310000
4432320000
4432330000
4432340000
4432350000
4432360000
4432370000
4432380000
4432390000
4432400000
4432410000
4432420000
4432430000
4432440000
4432450000
4432460000
4432470000
4432480000
4432490000
4432500000
4432510000
4432520000
4432530000
4432540000
4432550000
4432560000
4432570000
4432580000
4432590000
4432600000
4432610000
4432620000
4432630000
4432640000
4432650000
4432660000
4432670000
4432680000
4432690000
4432700000
4432710000
4432720000
4432730000
4432740000
4432750000
4432760000
4432770000
4432780000
4432790000
4432800000
4432810000
4432820000
4432830000
4432840000
4432850000
4432860000
4432870000
4432880000
4432890000
4432900000
4432910000
4432920000
4432930000
4432940000
4432950000
4432960000
4432970000
4432980000
4432990000
4433000000
4433010000
4433020000
4433030000
4433040000
4433050000
4433060000
4433070000
4433080000
4433090000
4433100000
4433110000
4433120000
4433130000
4433140000
4433150000
4433160000
4433170000
4433180000
4433190000
4433200000
4433210000
4433220000
4433230000
4433240000
4433250000
4433260000
4433270000
4433280000
4433290000
4433300000
4433310000
4433320000
4433330000
4433340000
4433350000
4433360000
4433370000
4433380000
4433390000
4433400000
4433410000
4433420000
4433430000
4433440000
4433450000
4433460000
4433470000
4433480000
4433490000
4433500000
4433510000
4433520000
4433530000
4433540000
4433550000
4433560000
4433570000
4433580000
4433590000
4433600000
4433610000
4433620000
4433630000
4433640000
4433650000
4433660000
4433670000
4433680000
4433690000
4433700000
4433710000
4433720000
4433730000
4433740000
4433750000
4433760000
4433770000
4433780000
4433790000
4433800000
4433810000
4433820000
4433830000
4433840000
4433850000
4433860000
4433870000
4433880000
4433890000
4433900000
4433910000
4433920000
4433930000
4433940000
4433950000
4433960000
4433970000
4433980000
4433990000
4434000000
4434010000
4434020000
4434030000
4434040000
4434050000
4434060000
4434070000
4434080000
4434090000
4434100000
4434110000
4434120000
4434130000
4434140000
4434150000
4434160000
4434170000
4434180000
4434190000
4434200000
4434210000
4434220000
4434230000
4434240000
4434250000
4434260000
4434270000
4434280000
4434290000
4434300000
4434310000
4434320000
4434330000
4434340000
4434350000
4434360000
4434370000
4434380000
4434390000
4434400000
4434410000
4434420000
4434430000
4434440000
4434450000
4434460000
4434470000
4434480000
4434490000
4434500000
4434510000
4434520000
4434530000
4434540000
4434550000
4434560000
4434570000
4434580000
4434590000
4434600000
4434610000
4434620000
4434630000
4434640000
4434650000
4434660000
4434670000
4434680000
4434690000
4434700000
4434710000
4434720000
4434730000
4434740000
4434750000
4434760000
4434770000
4434780000
4434790000
4434800000
4434810000
4434820000
4434830000
4434840000
4434850000
4434860000
4434870000
4434880000
4434890000
4434900000
4434910000
4434920000
4434930000
4434940000
4434950000
4434960000
4434970000
4434980000
4434990000
4435000000
4435010000
4435020000
4435030000
4435040000
4435050000
4435060000
4435070000
4435080000
4435090000
4435100000
4435110000
4435120000
4435130000
4435140000
4435150000
4435160000
4435170000
4435180000
4435190000
4435200000
4435210000
4435220000
4435230000
4435240000
4435250000
4435260000
4435270000
4435280000
4435290000
4435300000
4435310000
4435320000
4435330000
4435340000
4435350000
4435360000
4435370000
4435380000
4435390000
4435400000
4435410000
4435420000
4435430000
4435440000
4435450000
4435460000
4435470000
4435480000
4435490000
4435500000
4435510000
4435520000
4435530000
4435540000
4435550000
4435560000
4435570000
4435580000
4435590000
4435600000
4435610000
4435620000
4435630000
4435640000
4435650000
4435660000
4435670000
4435680000
4435690000
4435700000
4435710000
4435720000
4435730000
4435740000
4435750000
4435760000
4435770000
4435780000
4435790000
4435800000
4435810000
4435820000
4435830000
4435840000
4435850000
4435860000
4435870000
4435880000
4435890000
4435900000
4435910000
4435920000
4435930000
4435940000
4435950000
4435960000
4435970000
4435980000
4435990000
4436000000
4436010000
4436020000
4436030000
4436040000
4436050000
4436060000
4436070000
4436080000
4436090000
4436100000
4436110000
4436120000
4436130000
4436140000
4436150000
4436160000
4436170000
4436180000
4436190000
4436200000
4436210000
4436220000
4436230000
4436240000
4436250000
4436260000
4436270000
4436280000
4436290000
4436300000
4436310000
4436320000
4436330000
4436340000
4436350000
4436360000
4436370000
4436380000
4436390000
4436400000
4436410000
4436420000
4436430000
4436440000
4436450000
4436460000
4436470000
4436480000
4436490000
4436500000
4436510000
4436520000
4436530000
4436540000
4436550000
4436560000
4436570000
4436580000
4436590000
4436600000
4436610000
4436620000
4436630000
4436640000
4436650000
4436660000
4436670000
4436680000
4436690000
4436700000
4436710000
4436720000
4436730000
4436740000
4436750000
4436760000
4436770000
4436780000
4436790000
4436800000
4436810000
4436820000
4436830000
4436840000
4436850000
4436860000
4436870000
4436880000
4436890000
4436900000
4436910000
4436920000
4436930000
4436940000
4436950000
4436960000
4436970000
4436980000
4436990000
4437000000
4437010000
4437020000
4437030000
4437040000
4437050000
4437060000
4437070000
4437080000
4437090000
4437100000
4437110000
4437120000
4437130000
4437140000
4437150000
4437160000
4437170000
4437180000
4437190000
4437200000
4437210000
4437220000
4437230000
4437240000
4437250000
4437260000
4437270000
4437280000
4437290000
4437300000
4437310000
4437320000
4437330000
4437340000
4437350000
4437360000
4437370000
4437380000
4437390000
4437400000
4437410000
4437420000
4437430000
4437440000
4437450000
4437460000
4437470000
4437480000
4437490000
4437500000
4437510000
4437520000
4437530000
4437540000
4437550000
4437560000
4437570000
4437580000
4437590000
4437600000
4437610000
4437620000
4437630000
4437640000
4437650000
4437660000
4437670000
4437680000
4437690000
4437700000
4437710000
4437720000
4437730000
4437740000
4437750000
4437760000
4437770000
4437780000
4437790000
4437800000
4437810000
4437820000
4437830000
4437840000
4437850000
4437860000
4437870000
4437880000
4437890000
4437900000
4437910000
4437920000
4437930000
4437940000
4437950000
4437960000
4437970000
4437980000
4437990000
4438000000
4438010000
4438020000
4438030000
4438040000
4438050000
4438060000
4438070000
4438080000
4438090000
4438100000
4438110000
4438120000
4438130000
4438140000
4438150000
4438160000
4438170000
4438180000
4438190000
4438200000
4438210000
4438220000
4438230000
4438240000
4438250000
4438260000
4438270000
4438280000
4438290000
4438300000
4438310000
4438320000
4438330000
4438340000
4438350000
4438360000
4438370000
4438380000
4438390000
4438400000
4438410000
4438420000
4438430000
4438440000
4438450000
4438460000
4438470000
4438480000
4438490000
4438500000
4438510000
4438520000
4438530000
4438540000
4438550000
4438560000
4438570000
4438580000
4438590000
4438600000
4438610000
4438620000
4438630000
4438640000
4438650000
4438660000
4438670000
4438680000
4438690000
4438700000
4438710000
4438720000
4438730000
4438740000
4438750000
4438760000
4438770000
4438780000
4438790000
4438800000
4438810000
4438820000
4438830000
4438840000
4438850000
4438860000
4438870000
4438880000
4438890000
4438900000
4438910000
4438920000
4438930000
4438940000
4438950000
4438960000
4438970000
4438980000
4438990000
4439000000
4439010000
4439020000
4439030000
4439040000
4439050000
4439060000
4439070000
4439080000
4439090000
4439100000
4439110000
4439120000
4439130000
4439140000
4439150000
4439160000
4439170000
4439180000
4439190000
4439200000
4439210000
4439220000
4439230000
4439240000
4439250000
4439260000
4439270000
4439280000
4439290000
4439300000
4439310000
4439320000
4439330000
4439340000
4439350000
4439360000
4439370000
4439380000
4439390000
4439400000
4439410000
4439420000
4439430000
4439440000
4439450000
4439460000
4439470000
4439480000
4439490000
4439500000
4439510000
4439520000
4439530000
4439540000
4439550000
4439560000
4439570000
4439580000
4439590000
4439600000
4439610000
4439620000
4439630000
4439640000
4439650000
4439660000
4439670000
4439680000
4439690000
4439700000
4439710000
4439720000
4439730000
4439740000
4439750000
4439760000
4439770000
4439780000
4439790000
4439800000
4439810000
4439820000
4439830000
4439840000
4439850000
4439860000
4439870000
4439880000
4439890000
4439900000
4439910000
4439920000
4439930000
4439940000
4439950000
4439960000
4439970000
4439980000
4439990000
4440000000
4440010000
4440020000
4440030000
4440040000
4440050000
4440060000
4440070000
4440080000
4440090000
4440100000
4440110000
4440120000
4440130000
4440140000
4440150000
4440160000
4440170000
4440180000
4440190000
4440200000
4440210000
4440220000
4440230000
4440240000
4440250000
4440260000
4440270000
4440280000
4440290000
4440300000
4440310000
4440320000
4440330000
4440340000
4440350000
4440360000
4440370000
4440380000
4440390000
4440400000
4440410000
4440420000
4440430000
4440440000
4440450000
4440460000
4440470000
4440480000
4440490000
4440500000
4440510000
4440520000
4440530000
4440540000
4440550000
4440560000
4440570000
4440580000
4440590000
4440600000
4440610000
4440620000
4440630000
4440640000
4440650000
4440660000
4440670000
4440680000
4440690000
4440700000
4440710000
4440720000
4440730000
4440740000
4440750000
4440760000
4440770000
4440780000
4440790000
4440800000
4440810000
4440820000
4440830000
4440840000
4440850000
4440860000
4440870000
4440880000
4440890000
4440900000
4440910000
4440920000
4440930000
4440940000
4440950000
4440960000
4440970000
4440980000
4440990000
4441000000
4441010000
4441020000
4441030000
4441040000
4441050000
4441060000
4441070000
4441080000
4441090000
4441100000
4441110000
4441120000
4441130000
4441140000
4441150000
4441160000
4441170000
4441180000
4441190000
4441200000
4441210000
4441220000
4441230000
4441240000
4441250000
4441260000
4441270000
4441280000
4441290000
4441300000
4441310000
4441320000
4441330000
4441340000
4441350000
4441360000
4441370000
4441380000
4441390000
4441400000
4441410000
4441420000
4441430000
4441440000
4441450000
4441460000
4441470000
4441480000
4441490000
4441500000
4441510000
4441520000
4441530000
4441540000
4441550000
4441560000
4441570000
4441580000
4441590000
4441600000
4441610000
4441620000
4441630000
4441640000
4441650000
4441660000
4441670000
4441680000
4441690000
4441700000
4441710000
4441720000
4441730000
4441740000
4441750000
4441760000
4441770000
4441780000
4441790000
4441800000
4441810000
4441820000
4441830000
4441840000
4441850000
4441860000
4441870000
4441880000
4441890000
4441900000
4441910000
4441920000
4441930000
4441940000
4441950000
4441960000
4441970000
4441980000
4441990000
4442000000
4442010000
4442020000
4442030000
4442040000
4442050000
4442060000
4442070000
4442080000
4442090000
4442100000
4442110000
4442120000
4442130000
4442140000
4442150000
4442160000
4442170000
4442180000
4442190000
4442200000
4442210000
4442220000
4442230000
4442240000
4442250000
4442260000
4442270000
4442280000
4442290000
4442300000
4442310000
4442320000
4442330000
4442340000
4442350000
4442360000
4442370000
4442380000
4442390000
4442400000
4442410000
4442420000
4442430000
4442440000
4442450000
4442460000
4442470000
4442480000
4442490000
4442500000
4442510000
4442520000
4442530000
4442540000
4442550000
4442560000
4442570000
4442580000
4442590000
4442600000
4442610000
4442620000
4442630000
4442640000
4442650000
4442660000
4442670000
4442680000
4442690000
4442700000
4442710000
4442720000
4442730000
4442740000
4442750000
4442760000
4442770000
4442780000
4442790000
4442800000
4442810000
4442820000
4442830000
4442840000
4442850000
4442860000
4442870000
4442880000
4442890000
4442900000
4442910000
4442920000
4442930000
4442940000
4442950000
4442960000
4442970000
4442980000
4442990000
4443000000
4443010000
4443020000
4443030000
4443040000
4443050000
4443060000
4443070000
4443080000
4443090000
4443100000
4443110000
4443120000
4443130000
4443140000
4443150000
4443160000
4443170000
4443180000
4443190000
4443200000
4443210000
4443220000
4443230000
4443240000
4443250000
4443260000
4443270000
4443280000
4443290000
4443300000
4443310000
4443320000
4443330000
4443340000
4443350000
4443360000
4443370000
4443380000
4443390000
4443400000
4443410000
4443420000
4443430000
4443440000
4443450000
4443460000
4443470000
4443480000
4443490000
4443500000
4443510000
4443520000
4443530000
4443540000
4443550000
4443560000
4443570000
4443580000
4443590000
4443600000
4443610000
4443620000
4443630000
4443640000
4443650000
4443660000
4443670000
4443680000
4443690000
4443700000
4443710000
4443720000
4443730000
4443740000
4443750000
4443760000
4443770000
4443780000
4443790000
4443800000
4443810000
4443820000
4443830000
4443840000
4443850000
4443860000
4443870000
4443880000
4443890000
4443900000
4443910000
4443920000
4443930000
4443940000
4443950000
4443960000
4443970000
4443980000
4443990000
4444000000
4444010000
4444020000
4444030000
4444040000
4444050000
4444060000
4444070000
4444080000
4444090000
4444100000
4444110000
4444120000
4444130000
4444140000
4444150000
4444160000
4444170000
4444180000
4444190000
4444200000
4444210000
4444220000
4444230000
4444240000
4444250000
4444260000
4444270000
4444280000
4444290000
4444310000
4444320000
4444330000
4444340000
4444350000
4444360000
4444370000
4444380000
4444390000
4444400000
4444410000
4444420000
4444430000
4444440000
4444450000
4444460000
4444470000
4444480000
4444490000
4444500000
4444510000
4444520000
4444530000
4444540000
4444550000
4444560000
4444570000
4444580000
4444590000
4444600000
4444610000
4444620000
4444630000
4444640000
4444650000
4444660000
4444670000
4444680000
4444690000
4444700000
4444710000
4444720000
4444730000
4444740000
4444750000
4444760000
4444770000
4444780000
4444790000
4444800000
4444810000
4444820000
4444830000
4444840000
4444850000
4444860000
4444870000
4444880000
4444890000
4444900000
4444910000
4444920000
4444930000
4444940000
4444950000
4444960000
4444970000
4444980000
4444990000
4445000000
4445010000
4445020000
4445030000
4445040000
4445050000
4445060000
4445070000
4445080000
4445090000
4445100000
4445110000
4445120000
4445130000
4445140000
4445150000
4445160000
4445170000
4445180000
4445190000
4445200000
4445210000
4445220000
4445230000
4445240000
4445250000
4445260000
4445270000
4445280000
4445290000
4445300000
4445310000
4445320000
4445330000
4445340000
4445350000
4445360000
4445370000
4445380000
4445390000
4445400000
4445410000
4445420000
4445430000
4445440000
4445450000
4445460000
4445470000
4445480000
4445490000
4445500000
4445510000
4445520000
4445530000
4445540000
4445550000
4445560000
4445570000
4445580000
4445590000
4445600000
4445610000
4445620000
4445630000
4445640000
4445650000
4445660000
4445670000
4445680000
4445690000
4445700000
4445710000
4445720000
4445730000
4445740000
4445750000
4445760000
4445770000
4445780000
4445790000
4445800000
4445810000
4445820000
4445830000
4445840000
4445850000
4445860000
4445870000
4445880000
4445890000
4445900000
4445910000
4445920000
4445930000
4445940000
4445950000
4445960000
4445970000
4445980000
4445990000
4446000000
4446010000
4446020000
4446030000
4446040000
4446050000
4446060000
4446070000
4446080000
4446090000
4446100000
4446110000
4446120000
4446130000
4446140000
4446150000
4446160000
4446170000
4446180000
4446190000
4446200000
4446210000
4446220000
4446230000
4446240000
4446250000
4446260000
4446270000
4446280000
4446290000
4446300000
4446310000
4446320000
4446330000
4446340000
4446350000
4446360000
4446370000
4446380000
4446390000
4446400000
4446410000
4446420000
4446430000
4446440000
4446450000
4446460000
4446470000
4446480000
4446490000
4446500000
4446510000
4446520000
4446530000
4446540000
4446550000
4446560000
4446570000
4446580000
4446590000
4446600000
4446610000
4446620000
4446630000
4446640000
4446650000
4446660000
4446670000
4446680000
4446690000
4446700000
4446710000
4446720000
4446730000
4446740000
4446750000
4446760000
4446770000
4446780000
4446790000
4446800000
4446810000
4446820000
4446830000
4446840000
4446850000
4446860000
4446870000
4446880000
4446890000
4446900000
4446910000
4446920000
4446930000
4446940000
4446950000
4446960000
4446970000
4446980000
4446990000
4447000000
4447010000
4447020000
4447030000
4447040000
4447050000
4447060000
4447070000
4447080000
4447090000
4447100000
4447110000
4447120000
4447130000
4447140000
4447150000
4447160000
4447170000
4447180000
4447190000
4447200000
4447210000
4447220000
4447230000
4447240000
4447250000
4447260000
4447270000
4447280000
4447290000
4447300000
4447310000
4447320000
4447330000
4447340000
4447350000
4447360000
4447370000
4447380000
4447390000
4447400000
4447410000
4447420000
4447430000
4447440000
4447450000
4447460000
4447470000
4548030000
4548040000
4548050000
4548060000
4548070000
4548080000
4548090000
4548100000
4548110000
4548120000
4548130000
4548140000
4548150000
4548160000
4548170000
4548180000
4548190000
4548200000
4548210000
4548220000
4548230000
4548240000
4548250000
4548260000
4548270000
4548280000
4548290000
4548300000
4548310000
4548320000
4548330000
4548340000
4548350000
4548360000
4548370000
4548380000
4548390000
4548400000
4548410000
4548420000
4548430000
4548440000
4548450000
4548460000
4548470000
4548480000
4548500000
4548510000
4548520000
4548530000
4548540000
4548550000
4548560000
4548570000
4548580000
4548590000
4548600000
4548610000
4548620000
4548630000
4548640000
4548650000
4548660000
4548670000
4548680000
4548690000
4548700000
4548710000
4548720000
4548730000
4548740000
4548750000
4548760000
4548770000
4548780000
4548790000
4548800000
4548810000
4548820000
4548830000
4548840000
4548850000
4548860000
4548870000
4548880000
4548890000
4548900000
4548910000
4548920000
4548930000
4548940000
4548950000
4548960000
4548970000
4548980000
4548990000
4549000000
4549010000
4549020000
4549030000
4549040000
4549050000
4549060000
4549070000
4549080000
4549090000
4549100000
4549110000
4549120000
4549130000
4549140000
4549150000
4549160000
4549170000
4549180000
4549190000
4549200000
4549210000
4549220000
4549230000
4549240000
4549250000
4549260000
4549270000
4549280000
4549290000
4549300000
4549310000
4549320000
4549330000
4549340000
4549350000
4549360000
4549370000
4549380000
4549390000
4549400000
4549410000
4549420000
4549430000
4549440000
4549450000
4549460000
4549470000
4549480000
4549490000
4549500000
4549510000
4549520000
4549530000
4549540000
4549550000
4549560000
4549570000
4549580000
4549590000
4549600000
4549610000
4549620000
4549630000
4549640000
4549650000
4549660000
4549670000
4549680000
4549690000
4549700000
4549710000
4549720000
4549730000
4549740000
4549750000
4549760000
4549770000
4549780000
4549790000
4549800000
4549810000
4549820000
4549830000
4549840000
4549850000
4549860000
4549870000
4549880000
4549890000
4549900000
4549910000
4549920000
4549930000
4549940000
4549950000
4549960000
4549970000
4549980000
4549990000
4550000000
4550010000
4550020000
4550030000
4550040000
4550050000
4550060000
4550070000
4550080000
4550090000
4550100000
4550110000
4550120000
4550130000
4550140000
4550150000
4550160000
4550170000
4550180000
4550190000
4550200000
4550210000
4550220000
4550230000
4550240000
4550250000
4550260000
4550270000
4550280000
4550290000
4550300000
4550310000
4550320000
4550330000
4550340000
4550350000
4550360000
4550370000
4550380000
4550390000
4550400000
4550410000
4550420000
4550430000
4550440000
4550450000
4550460000
4550470000
4550480000
4550490000
4550500000
4550510000
4550520000
4550530000
4550540000
4550550000
4550560000
4550570000
4550580000
4550590000
4550600000
4550610000
4550620000
4550630000
4550640000
4550650000
4550660000
4550670000
4550680000
4550690000
4550700000
4550710000
4550720000
4550730000
4550740000
4550750000
4550760000
4550770000
4550780000
4550790000
4550800000
4550810000
4550820000
4550830000
4550840000
4550850000
4550860000
4550870000
4550880000
4550890000
4550900000
4550910000
4550920000
4550930000
4550940000
4550950000
4550960000
4550970000
4550980000
4550990000
4551000000
4551010000
4551020000
4551030000
4551040000
4551050000
4551060000
4551070000
4551080000
4551090000
4551100000
4551110000
4551120000
4551130000
4551140000
4551150000
4551160000
4551170000
4551180000
4551190000
4551200000
4551210000
4551220000
4551230000
4551240000
4551250000
4551260000
4551270000
4551280000
4551290000
4551300000
4551310000
4551320000
4551330000
4551340000
4551350000
4551360000
4551370000
4551380000
4551390000
4551400000
4551410000
4551420000
4551430000
4551440000
4551450000
4551460000
4551470000
4551480000
4551490000
4551500000
4551510000
4551520000
4551530000
4551540000
4551550000
4551560000
4551570000
4551580000
4551590000
4551600000
4551610000
4551620000
4551630000
4551640000
4551650000
4551660000
4551670000
4551680000
4551690000
4551700000
4551710000
4551720000
4551730000
4551740000
4551750000
4551760000
4551770000
4551780000
4551790000
4551800000
4551810000
4551820000
4551830000
4551840000
4551850000
4551860000
4551870000
4551880000
4551890000
4551900000
4551910000
4551920000
4551930000
4551940000
4551950000
4551960000
4551970000
4551980000
4551990000
4552000000
4552010000
4552020000
4552030000
4552040000
4552050000
4552060000
4552070000
4552080000
4552090000
4552100000
4552110000
4552120000
4552130000
4552140000
4552150000
4552160000
4552170000
4552180000
4552190000
4552200000
4552210000
4552220000
4552230000
4552240000
4552250000
4552260000
4552270000
4552280000
4552290000
4552300000
4552310000
4552320000
4552330000
4552340000
4552350000
4552360000
4552370000
4552380000
4552390000
4552400000
4552410000
4552420000
4552430000
4552440000
4552450000
4552460000
4552470000
4552480000
4552490000
4552500000
4552510000
4552520000
4552530000
4552540000
4552550000
4552560000
4552570000
4552580000
4552590000
4552600000
4552610000
4552620000
4552630000
4552640000
4552650000
4552660000
4552670000
4552680000
4552690000
4552700000
4552710000
4552720000
4552730000
4552740000
4552750000
4552760000
4552770000
4552780000
4552790000
4552800000
4552810000
4552820000
4552830000
4552840000
4552850000
4552860000
4552870000
4552880000
4552890000
4552900000
4552910000
4552920000
4552930000
4552940000
4552950000
4552960000
4552970000
4552980000
4552990000
4553000000
4553010000
4553020000
4553030000
4553040000
4553050000
4553060000
4553070000
4553080000
4553090000
4553100000
4553110000
4553120000
4553130000
4553140000
4553150000
4553160000
4553170000
4553180000
4553190000
4553200000
4553210000
4553220000
4553230000
4553240000
4553250000
4553260000
4553270000
4553280000
4553290000
4553300000
4553310000
4553320000
4553330000
4553340000
4553350000
4553360000
4553370000
4553380000
4553390000
4553400000
4553410000
4553420000
4553430000
4553440000
4553450000
4553460000
4553470000
4553480000
4553490000
4553500000
4553510000
4553520000
4553530000
4553540000
4553550000
4553560000
4553570000
4553580000
4553590000
4553600000
4553610000
4553620000
4553630000
4553640000
4553650000
4553660000
4553670000
4553680000
4553690000
4553700000
4553710000
4553720000
4553730000
4553740000
4553750000
4553760000
4553770000
4553780000
4553790000
4553800000
4553810000
4553820000
4553830000
4553840000
4553850000
4553860000
4553870000
4553880000
4553890000
4553900000
4553910000
4553920000
4553930000
4553940000
4553950000
4553960000
4553970000
4553980000
4553990000
4554000000
4554010000
4554020000
4554030000
4554040000
4554050000
4554060000
4554070000
4554080000
4554090000
4554100000
4554110000
4554120000
4554130000
4554140000
4554150000
4554160000
4554170000
4554180000
4554190000
4554200000
4554210000
4554220000
4554230000
4554240000
4554250000
4554260000
4554270000
4554280000
4554290000
4554300000
4554310000
4554320000
4554330000
4554340000
4554350000
4554360000
4554370000
4554380000
4554390000
4554400000
4554410000
4554420000
4554430000
4554440000
4554450000
4554460000
4554470000
4554480000
4554490000
4554500000
4554510000
4554520000
4554530000
4554540000
4554550000
4554560000
4554570000
4554580000
4554590000
4554600000
4554610000
4554620000
4554630000
4554640000
4554650000
4554660000
4554670000
4554680000
4554690000
4554700000
4554710000
4554720000
4554730000
4554740000
4554750000
4554760000
4554770000
4554780000
4554790000
4554800000
4554810000
4554820000
4554830000
4554840000
4554850000
4554860000
4554870000
4554880000
4554890000
4554900000
4554910000
4554920000
4554930000
4554940000
4554950000
4554960000
4554970000
4554980000
4554990000
4555000000
4555010000
4555020000
4555030000
4555040000
4555050000
4555060000
4555070000
4555080000
4555090000
4555100000
4555110000
4555120000
4555130000
4555140000
4555150000
4555160000
4555170000
4555180000
4555190000
4555200000
4555210000
4555220000
4555230000
4555240000
4555250000
4555260000
4555270000
4555280000
4555290000
4555300000
4555310000
4555320000
4555330000
4555340000
4555350000
4555360000
4555370000
4555380000
4555390000
4555400000
4555410000
4555420000
4555430000
4555440000
4555450000
4555460000
4555470000
4555480000
4555490000
4555500000
4555510000
4555520000
4555530000
4555540000
4555550000
4555560000
4555570000
4555580000
4555590000
4555600000
4555610000
4555620000
4555630000
4555640000
4555650000
4555670000
4555680000
4555690000
4555700000
4555710000
4555720000
audit.txt
RecordingTransfers
System Volume Information
